2
40 30
-1.33333 -1 0.0508863 0.719766 1
-1.26496 -1 0.0295193 0.669257 1
-1.19658 -1 0.0138733 0.616965 1
-1.12821 -1 0.00406515 0.563629 1
-1.05983 -1 9.88493e-05 0.509942 1
-0.991453 -1 0.00189139 0.456551 1
-0.923077 -1 0.00929118 0.404058 1
-0.854701 -1 0.022091 0.35302 1
-0.786325 -1 0.0400376 0.303953 1
-0.717949 -1 0.0628389 0.257327 1
-0.649573 -1 0.0901699 0.213575 1
-0.581197 -1 0.121677 0.173088 1
-0.512821 -1 0.156982 0.136216 1
-0.444444 -1 0.195685 0.103273 1
-0.376068 -1 0.237369 0.0745294 1
-0.307692 -1 0.281601 0.05022 1
-0.239316 -1 0.327935 0.0305389 1
-0.17094 -1 0.375914 0.0156419 1
-0.102564 -1 0.425075 0.00564567 1
-0.034188 -1 0.474946 0.000628108 1
0.034188 -1 0.525054 0.000628108 1
0.102564 -1 0.574925 0.00564567 1
0.17094 -1 0.624086 0.0156419 1
0.239316 -1 0.672065 0.0305389 1
0.307692 -1 0.718399 0.05022 1
0.376068 -1 0.762631 0.0745294 1
0.444444 -1 0.804315 0.103273 1
0.512821 -1 0.843018 0.136216 1
0.581197 -1 0.878323 0.173088 1
0.649573 -1 0.90983 0.213575 1
0.717949 -1 0.937161 0.257327 1
0.786325 -1 0.959962 0.303953 1
0.854701 -1 0.977909 0.35302 1
0.923077 -1 0.990709 0.404058 1
0.991453 -1 0.998109 0.456551 1
1.05983 -1 0.999901 0.509942 1
1.12821 -1 0.995935 0.563629 1
1.19658 -1 0.986127 0.616965 1
1.26496 -1 0.970481 0.669257 1
1.33333 -1 0.949114 0.719766 1
-1.33333 -0.931034 0.0648649 0.714759 1
-1.26496 -0.931034 0.0454256 0.665326 1
-1.19658 -0.931034 0.0315851 0.614461 1
-1.12821 -0.931034 0.0233972 0.56288 1
-1.05983 -0.931034 0.0208101 0.51124 1
-0.991453 -0.931034 0.0236937 0.460147 1
-0.923077 -0.931034 0.0318578 0.410152 1
-0.854701 -0.931034 0.0450663 0.361758 1
-0.786325 -0.931034 0.0630462 0.315424 1
-0.717949 -0.931034 0.0854953 0.271563 1
-0.649573 -0.931034 0.112087 0.230548 1
-0.581197 -0.931034 0.142476 0.192713 1
-0.512821 -0.931034 0.1763 0.158355 1
-0.444444 -0.931034 0.213182 0.127733 1
-0.376068 -0.931034 0.252736 0.101073 1
-0.307692 -0.931034 0.294566 0.0785669 1
-0.239316 -0.931034 0.338266 0.0603735 1
-0.17094 -0.931034 0.383428 0.0466186 1
-0.102564 -0.931034 0.429637 0.0373966 1
-0.034188 -0.931034 0.476476 0.0327699 1
0.034188 -0.931034 0.523524 0.0327699 1
0.102564 -0.931034 0.570363 0.0373966 1
0.17094 -0.931034 0.616572 0.0466186 1
0.239316 -0.931034 0.661734 0.0603735 1
0.307692 -0.931034 0.705434 0.0785669 1
0.376068 -0.931034 0.747264 0.101073 1
0.444444 -0.931034 0.786818 0.127733 1
0.512821 -0.931034 0.8237 0.158355 1
0.581197 -0.931034 0.857524 0.192713 1
0.649573 -0.931034 0.887913 0.230548 1
0.717949 -0.931034 0.914505 0.271563 1
0.786325 -0.931034 0.936954 0.315424 1
0.854701 -0.931034 0.954934 0.361758 1
0.923077 -0.931034 0.968142 0.410152 1
0.991453 -0.931034 0.976306 0.460147 1
1.05983 -0.931034 0.97919 0.51124 1
1.12821 -0.931034 0.976603 0.56288 1
1.19658 -0.931034 0.968415 0.614461 1
1.26496 -0.931034 0.954574 0.665326 1
1.33333 -0.931034 0.935135 0.714759 1
-1.33333 -0.862069 0.0800483 0.712612 1
-1.26496 -0.862069 0.0622393 0.66442 1
-1.19658 -0.862069 0.0498817 0.615088 1
-1.12821 -0.862069 0.0429799 0.565303 1
-1.05983 -0.862069 0.0414393 0.515691 1
-0.991453 -0.862069 0.0450946 0.466814 1
-0.923077 -0.862069 0.0537286 0.419179 1
-0.854701 -0.862069 0.067086 0.373243 1
-0.786325 -0.862069 0.0848828 0.329412 1
-0.717949 -0.862069 0.106813 0.288052 1
-0.649573 -0.862069 0.132555 0.249487 1
-0.581197 -0.862069 0.161772 0.214005 1
-0.512821 -0.862069 0.19412 0.181857 1
-0.444444 -0.862069 0.229244 0.153265 1
-0.376068 -0.862069 0.266785 0.128417 1
-0.307692 -0.862069 0.306377 0.107472 1
-0.239316 -0.862069 0.347654 0.0905606 1
-0.17094 -0.862069 0.390242 0.0777875 1
-0.102564 -0.862069 0.433769 0.0692294 1
-0.034188 -0.862069 0.47786 0.0649377 1
0.034188 -0.862069 0.52214 0.0649377 1
0.102564 -0.862069 0.566231 0.0692294 1
0.17094 -0.862069 0.609758 0.0777875 1
0.239316 -0.862069 0.652346 0.0905606 1
0.307692 -0.862069 0.693623 0.107472 1
0.376068 -0.862069 0.733215 0.128417 1
0.444444 -0.862069 0.770756 0.153265 1
0.512821 -0.862069 0.80588 0.181857 1
0.581197 -0.862069 0.838228 0.214005 1
0.649573 -0.862069 0.867445 0.249487 1
0.717949 -0.862069 0.893187 0.288052 1
0.786325 -0.862069 0.915117 0.329412 1
0.854701 -0.862069 0.932914 0.373243 1
0.923077 -0.862069 0.946271 0.419179 1
0.991453 -0.862069 0.954905 0.466814 1
1.05983 -0.862069 0.958561 0.515691 1
1.12821 -0.862069 0.95702 0.565303 1
1.19658 -0.862069 0.950118 0.615088 1
1.26496 -0.862069 0.937761 0.66442 1
1.33333 -0.862069 0.919952 0.712612 1
-1.33333 -0.793103 0.0962002 0.713118 1
-1.26496 -0.793103 0.0797439 0.666283 1
-1.19658 -0.793103 0.0685771 0.618544 1
-1.12821 -0.793103 0.0626664 0.570561 1
-1.05983 -0.793103 0.0618854 0.522927 1
-0.991453 -0.793103 0.0660433 0.476168 1
-0.923077 -0.793103 0.0749046 0.43075 1
-0.854701 -0.793103 0.0882022 0.387087 1
-0.786325 -0.793103 0.105647 0.345546 1
-0.717949 -0.793103 0.126934 0.30645 1
-0.649573 -0.793103 0.151747 0.270084 1
-0.581197 -0.793103 0.179763 0.236696 1
-0.512821 -0.793103 0.210652 0.206506 1
-0.444444 -0.793103 0.244082 0.179699 1
-0.376068 -0.793103 0.279717 0.156437 1
-0.307692 -0.793103 0.317219 0.136852 1
-0.239316 -0.793103 0.35625 0.121056 1
-0.17094 -0.793103 0.396472 0.109134 1
-0.102564 -0.793103 0.437543 0.101151 1
-0.034188 -0.793103 0.479124 0.097149 1
0.034188 -0.793103 0.520876 0.097149 1
0.102564 -0.793103 0.562457 0.101151 1
0.17094 -0.793103 0.603528 0.109134 1
0.239316 -0.793103 0.64375 0.121056 1
0.307692 -0.793103 0.682781 0.136852 1
0.376068 -0.793103 0.720283 0.156437 1
0.444444 -0.793103 0.755918 0.179699 1
0.512821 -0.793103 0.789348 0.206506 1
0.581197 -0.793103 0.820237 0.236696 1
0.649573 -0.793103 0.848253 0.270084 1
0.717949 -0.793103 0.873066 0.30645 1
0.786325 -0.793103 0.894353 0.345546 1
0.854701 -0.793103 0.911798 0.387087 1
0.923077 -0.793103 0.925095 0.43075 1
0.991453 -0.793103 0.933957 0.476168 1
1.05983 -0.793103 0.938115 0.522927 1
1.12821 -0.793103 0.937334 0.570561 1
1.19658 -0.793103 0.931423 0.618544 1
1.26496 -0.793103 0.920256 0.666283 1
1.33333 -0.793103 0.9038 0.713118 1
-1.33333 -0.724138 0.113133 0.716068 1
-1.26496 -0.724138 0.0977753 0.67067 1
-1.19658 -0.724138 0.0875375 0.624551 1
-1.12821 -0.724138 0.0823589 0.57835 1
-1.05983 -0.724138 0.0820904 0.532629 1
-0.991453 -0.724138 0.086524 0.48788 1
-0.923077 -0.724138 0.095412 0.444536 1
-0.854701 -0.724138 0.108481 0.402975 1
-0.786325 -0.724138 0.125441 0.363529 1
-0.717949 -0.724138 0.14599 0.326485 1
-0.649573 -0.724138 0.16982 0.292097 1
-0.581197 -0.724138 0.19662 0.260583 1
-0.512821 -0.724138 0.226077 0.232131 1
-0.444444 -0.724138 0.257875 0.206904 1
-0.376068 -0.724138 0.291701 0.185039 1
-0.307692 -0.724138 0.32724 0.16665 1
-0.239316 -0.724138 0.36418 0.15183 1
-0.17094 -0.724138 0.402209 0.140653 1
-0.102564 -0.724138 0.441015 0.133171 1
-0.034188 -0.724138 0.480287 0.129422 1
0.034188 -0.724138 0.519713 0.129422 1
0.102564 -0.724138 0.558985 0.133171 1
0.17094 -0.724138 0.597791 0.140653 1
0.239316 -0.724138 0.63582 0.15183 1
0.307692 -0.724138 0.67276 0.16665 1
0.376068 -0.724138 0.708299 0.185039 1
0.444444 -0.724138 0.742125 0.206904 1
0.512821 -0.724138 0.773923 0.232131 1
0.581197 -0.724138 0.80338 0.260583 1
0.649573 -0.724138 0.83018 0.292097 1
0.717949 -0.724138 0.85401 0.326485 1
0.786325 -0.724138 0.874559 0.363529 1
0.854701 -0.724138 0.891519 0.402975 1
0.923077 -0.724138 0.904588 0.444536 1
0.991453 -0.724138 0.913476 0.48788 1
1.05983 -0.724138 0.91791 0.532629 1
1.12821 -0.724138 0.917641 0.57835 1
1.19658 -0.724138 0.912463 0.624551 1
1.26496 -0.724138 0.902225 0.67067 1
1.33333 -0.724138 0.886867 0.716068 1
-1.33333 -0.655172 0.130699 0.721255 0.996517
-1.26496 -0.655172 0.116211 0.677346 1
-1.19658 -0.655172 0.10667 0.632855 1
-1.12821 -0.655172 0.101997 0.5884 1
-1.05983 -0.655172 0.102028 0.544516 1
-0.991453 -0.655172 0.106545 0.50167 1
-0.923077 -0.655172 0.115293 0.460263 1
-0.854701 -0.655172 0.127996 0.420645 1
-0.786325 -0.655172 0.144365 0.383117 1
-0.717949 -0.655172 0.164104 0.347938 1
-0.649573 -0.655172 0.186913 0.315336 1
-0.581197 -0.655172 0.212493 0.285502 1
-0.512821 -0.655172 0.240545 0.258604 1
-0.444444 -0.655172 0.270771 0.234783 1
-0.376068 -0.655172 0.302874 0.214156 1
-0.307692 -0.655172 0.336563 0.196824 1
-0.239316 -0.655172 0.371545 0.182865 1
-0.17094 -0.655172 0.407531 0.172343 1
-0.102564 -0.655172 0.444232 0.165303 1
-0.034188 -0.655172 0.481363 0.161775 1
0.034188 -0.655172 0.518637 0.161775 1
0.102564 -0.655172 0.555768 0.165303 1
0.17094 -0.655172 0.592469 0.172343 1
0.239316 -0.655172 0.628455 0.182865 1
0.307692 -0.655172 0.663437 0.196824 1
0.376068 -0.655172 0.697126 0.214156 1
0.444444 -0.655172 0.729229 0.234783 1
0.512821 -0.655172 0.759455 0.258604 1
0.581197 -0.655172 0.787507 0.285502 1
0.649573 -0.655172 0.813087 0.315336 1
0.717949 -0.655172 0.835896 0.347938 1
0.786325 -0.655172 0.855635 0.383117 1
0.854701 -0.655172 0.872004 0.420645 1
0.923077 -0.655172 0.884707 0.460263 1
0.991453 -0.655172 0.893455 0.50167 1
1.05983 -0.655172 0.897972 0.544516 1
1.12821 -0.655172 0.898003 0.5884 1
1.19658 -0.655172 0.89333 0.632855 1
1.26496 -0.655172 0.883789 0.677346 1
1.33333 -0.655172 0.869301 0.721255 0.996517
-1.33333 -0.586207 0.148787 0.728477 0.944521
-1.26496 -0.586207 0.134964 0.686093 1
-1.19658 -0.586207 0.125913 0.643224 1
-1.12821 -0.586207 0.121548 0.60047 1
-1.05983 -0.586207 0.121696 0.558348 1
-0.991453 -0.586207 0.126133 0.517299 1
-0.923077 -0.586207 0.134601 0.477702 1
-0.854701 -0.586207 0.146824 0.43988 1
-0.786325 -0.586207 0.162517 0.404111 1
-0.717949 -0.586207 0.181389 0.370633 1
-0.649573 -0.586207 0.203151 0.339647 1
-0.581197 -0.586207 0.227512 0.311329 1
-0.512821 -0.586207 0.254188 0.285825 1
-0.444444 -0.586207 0.282895 0.26326 1
-0.376068 -0.586207 0.313354 0.243737 1
-0.307692 -0.586207 0.345289 0.227344 1
-0.239316 -0.586207 0.378427 0.21415 1
-0.17094 -0.586207 0.412498 0.204208 1
-0.102564 -0.586207 0.447233 0.197558 1
-0.034188 -0.586207 0.482367 0.194227 1
0.034188 -0.586207 0.517633 0.194227 1
0.102564 -0.586207 0.552767 0.197558 1
0.17094 -0.586207 0.587502 0.204208 1
0.239316 -0.586207 0.621573 0.21415 1
0.307692 -0.586207 0.654711 0.227344 1
0.376068 -0.586207 0.686646 0.243737 1
0.444444 -0.586207 0.717105 0.26326 1
0.512821 -0.586207 0.745812 0.285825 1
0.581197 -0.586207 0.772488 0.311329 1
0.649573 -0.586207 0.796849 0.339647 1
0.717949 -0.586207 0.818611 0.370633 1
0.786325 -0.586207 0.837483 0.404111 1
0.854701 -0.586207 0.853176 0.43988 1
0.923077 -0.586207 0.865399 0.477702 1
0.991453 -0.586207 0.873867 0.517299 1
1.05983 -0.586207 0.878304 0.558348 1
1.12821 -0.586207 0.878452 0.60047 1
1.19658 -0.586207 0.874087 0.643224 1
1.26496 -0.586207 0.865036 0.686093 1
1.33333 -0.586207 0.851213 0.728477 0.944521
-1.33333 -0.517241 0.167311 0.737536 0.885237
-1.26496 -0.517241 0.153973 0.696704 1
-1.19658 -0.517241 0.145232 0.655445 1
-1.12821 -0.517241 0.141002 0.614347 1
-1.05983 -0.517241 0.141108 0.573912 1
-0.991453 -0.517241 0.145324 0.534562 1
-0.923077 -0.517241 0.153394 0.496657 1
-0.854701 -0.517241 0.165042 0.460501 1
-0.786325 -0.517241 0.179989 0.42635 1
-0.717949 -0.517241 0.19795 0.394425 1
-0.649573 -0.517241 0.218644 0.36491 1
-0.581197 -0.517241 0.241793 0.337963 1
-0.512821 -0.517241 0.26712 0.313715 1
-0.444444 -0.517241 0.294358 0.292279 1
-0.376068 -0.517241 0.32324 0.273746 1
-0.307692 -0.517241 0.353505 0.258193 1
-0.239316 -0.517241 0.384898 0.245681 1
-0.17094 -0.517241 0.417163 0.236256 1
-0.102564 -0.517241 0.45005 0.229954 1
-0.034188 -0.517241 0.483309 0.226798 1
0.034188 -0.517241 0.516691 0.226798 1
0.102564 -0.517241 0.54995 0.229954 1
0.17094 -0.517241 0.582837 0.236256 1
0.239316 -0.517241 0.615102 0.245681 1
0.307692 -0.517241 0.646495 0.258193 1
0.376068 -0.517241 0.67676 0.273746 1
0.444444 -0.517241 0.705642 0.292279 1
0.512821 -0.517241 0.73288 0.313715 1
0.581197 -0.517241 0.758207 0.337963 1
0.649573 -0.517241 0.781356 0.36491 1
0.717949 -0.517241 0.80205 0.394425 1
0.786325 -0.517241 0.820011 0.42635 1
0.854701 -0.517241 0.834958 0.460501 1
0.923077 -0.517241 0.846606 0.496657 1
0.991453 -0.517241 0.854676 0.534562 1
1.05983 -0.517241 0.858892 0.573912 1
1.12821 -0.517241 0.858998 0.614347 1
1.19658 -0.517241 0.854768 0.655445 1
1.26496 -0.517241 0.846027 0.696704 1
1.33333 -0.517241 0.832689 0.737536 0.885237
-1.33333 -0.448276 0.186204 0.74824 0.819748
-1.26496 -0.448276 0.173197 0.708986 0.988626
-1.19658 -0.448276 0.164609 0.669325 1
-1.12821 -0.448276 0.160363 0.629842 1
-1.05983 -0.448276 0.16029 0.591024 1
-0.991453 -0.448276 0.164164 0.553284 1
-0.923077 -0.448276 0.171733 0.516965 1
-0.854701 -0.448276 0.182727 0.482356 1
-0.786325 -0.448276 0.196869 0.4497 1
-0.717949 -0.448276 0.213883 0.419199 1
-0.649573 -0.448276 0.233495 0.391027 1
-0.581197 -0.448276 0.255435 0.365325 1
-0.512821 -0.448276 0.27944 0.342215 1
-0.444444 -0.448276 0.305251 0.321798 1
-0.376068 -0.448276 0.332616 0.304157 1
-0.307692 -0.448276 0.361285 0.289358 1
-0.239316 -0.448276 0.391017 0.277458 1
-0.17094 -0.448276 0.42157 0.268497 1
-0.102564 -0.448276 0.452709 0.262506 1
-0.034188 -0.448276 0.484197 0.259506 1
0.034188 -0.448276 0.515803 0.259506 1
0.102564 -0.448276 0.547291 0.262506 1
0.17094 -0.448276 0.57843 0.268497 1
0.239316 -0.448276 0.608983 0.277458 1
0.307692 -0.448276 0.638715 0.289358 1
0.376068 -0.448276 0.667384 0.304157 1
0.444444 -0.448276 0.694749 0.321798 1
0.512821 -0.448276 0.72056 0.342215 1
0.581197 -0.448276 0.744565 0.365325 1
0.649573 -0.448276 0.766505 0.391027 1
0.717949 -0.448276 0.786117 0.419199 1
0.786325 -0.448276 0.803131 0.4497 1
0.854701 -0.448276 0.817273 0.482356 1
0.923077 -0.448276 0.828267 0.516965 1
0.991453 -0.448276 0.835836 0.553284 1
1.05983 -0.448276 0.83971 0.591024 1
1.12821 -0.448276 0.839637 0.629842 1
1.19658 -0.448276 0.835391 0.669325 1
1.26496 -0.448276 0.826803 0.708986 0.988626
1.33333 -0.448276 0.813796 0.74824 0.819748
-1.33333 -0.37931 0.205414 0.7604 0.749301
-1.26496 -0.37931 0.192609 0.722753 0.909365
-1.19658 -0.37931 0.18404 0.684686 1
-1.12821 -0.37931 0.179649 0.64678 1
-1.05983 -0.37931 0.179275 0.609521 1
-0.991453 -0.37931 0.182703 0.573311 1
-0.923077 -0.37931 0.189684 0.538485 1
-0.854701 -0.37931 0.199953 0.505321 1
-0.786325 -0.37931 0.213241 0.474048 1
-0.717949 -0.37931 0.229276 0.44486 1
-0.649573 -0.37931 0.247794 0.417918 1
-0.581197 -0.37931 0.268532 0.393353 1
-0.512821 -0.37931 0.291236 0.371279 1
-0.444444 -0.37931 0.315658 0.351786 1
-0.376068 -0.37931 0.341556 0.334951 1
-0.307692 -0.37931 0.368692 0.320834 1
-0.239316 -0.37931 0.396835 0.309486 1
-0.17094 -0.37931 0.425757 0.300942 1
-0.102564 -0.37931 0.455233 0.295232 1
-0.034188 -0.37931 0.485041 0.292372 1
0.034188 -0.37931 0.514959 0.292372 1
0.102564 -0.37931 0.544767 0.295232 1
0.17094 -0.37931 0.574243 0.300942 1
0.239316 -0.37931 0.603165 0.309486 1
0.307692 -0.37931 0.631308 0.320834 1
0.376068 -0.37931 0.658444 0.334951 1
0.444444 -0.37931 0.684342 0.351786 1
0.512821 -0.37931 0.708764 0.371279 1
0.581197 -0.37931 0.731468 0.393353 1
0.649573 -0.37931 0.752206 0.417918 1
0.717949 -0.37931 0.770724 0.44486 1
0.786325 -0.37931 0.786759 0.474048 1
0.854701 -0.37931 0.800047 0.505321 1
0.923077 -0.37931 0.810316 0.538485 1
0.991453 -0.37931 0.817297 0.573311 1
1.05983 -0.37931 0.820725 0.609521 1
1.12821 -0.37931 0.820351 0.64678 1
1.19658 -0.37931 0.81596 0.684686 1
1.26496 -0.37931 0.807391 0.722753 0.909365
1.33333 -0.37931 0.794586 0.7604 0.749301
-1.33333 -0.310345 0.224896 0.773823 0.6753
-1.26496 -0.310345 0.212191 0.737824 0.825528
-1.19658 -0.310345 0.203531 0.701355 0.985699
-1.12821 -0.310345 0.198882 0.665003 1
-1.05983 -0.310345 0.198106 0.629254 1
-0.991453 -0.310345 0.200995 0.594508 1
-0.923077 -0.310345 0.20731 0.561095 1
-0.854701 -0.310345 0.216794 0.529285 1
-0.786325 -0.310345 0.229182 0.499301 1
-0.717949 -0.310345 0.244212 0.471329 1
-0.649573 -0.310345 0.261623 0.445519 1
-0.581197 -0.310345 0.281164 0.421998 1
-0.512821 -0.310345 0.302586 0.40087 1
-0.444444 -0.310345 0.325651 0.38222 1
-0.376068 -0.310345 0.350125 0.366118 1
-0.307692 -0.310345 0.375782 0.35262 1
-0.239316 -0.310345 0.402398 0.341771 1
-0.17094 -0.310345 0.429757 0.333606 1
-0.102564 -0.310345 0.457644 0.328149 1
-0.034188 -0.310345 0.485846 0.325417 1
0.034188 -0.310345 0.514154 0.325417 1
0.102564 -0.310345 0.542356 0.328149 1
0.17094 -0.310345 0.570243 0.333606 1
0.239316 -0.310345 0.597602 0.341771 1
0.307692 -0.310345 0.624218 0.35262 1
0.376068 -0.310345 0.649875 0.366118 1
0.444444 -0.310345 0.674349 0.38222 1
0.512821 -0.310345 0.697414 0.40087 1
0.581197 -0.310345 0.718836 0.421998 1
0.649573 -0.310345 0.738377 0.445519 1
0.717949 -0.310345 0.755788 0.471329 1
0.786325 -0.310345 0.770818 0.499301 1
0.854701 -0.310345 0.783206 0.529285 1
0.923077 -0.310345 0.79269 0.561095 1
0.991453 -0.310345 0.799005 0.594508 1
1.05983 -0.310345 0.801894 0.629254 1
1.12821 -0.310345 0.801118 0.665003 1
1.19658 -0.310345 0.796469 0.701355 0.985699
1.26496 -0.310345 0.787809 0.737824 0.825528
1.33333 -0.310345 0.775104 0.773823 0.6753
-1.33333 -0.241379 0.2446 0.78831 0.599297
-1.26496 -0.241379 0.231927 0.754017 0.738693
-1.19658 -0.241379 0.223088 0.719167 0.88855
-1.12821 -0.241379 0.218092 0.684359 1
-1.05983 -0.241379 0.216823 0.650086 1
-0.991453 -0.241379 0.219094 0.616751 1
-0.923077 -0.241379 0.224676 0.584684 1
-0.854701 -0.241379 0.23332 0.554154 1
-0.786325 -0.241379 0.244769 0.525378 1
-0.717949 -0.241379 0.258767 0.498537 1
-0.649573 -0.241379 0.275062 0.473776 1
-0.581197 -0.241379 0.293406 0.451218 1
-0.512821 -0.241379 0.313562 0.430959 1
-0.444444 -0.241379 0.335295 0.413081 1
-0.376068 -0.241379 0.358383 0.397649 1
-0.307692 -0.241379 0.382604 0.384716 1
-0.239316 -0.241379 0.407746 0.374323 1
-0.17094 -0.241379 0.433599 0.366502 1
-0.102564 -0.241379 0.459958 0.361276 1
-0.034188 -0.241379 0.486619 0.358659 1
0.034188 -0.241379 0.513381 0.358659 1
0.102564 -0.241379 0.540042 0.361276 1
0.17094 -0.241379 0.566401 0.366502 1
0.239316 -0.241379 0.592254 0.374323 1
0.307692 -0.241379 0.617396 0.384716 1
0.376068 -0.241379 0.641617 0.397649 1
0.444444 -0.241379 0.664705 0.413081 1
0.512821 -0.241379 0.686438 0.430959 1
0.581197 -0.241379 0.706594 0.451218 1
0.649573 -0.241379 0.724938 0.473776 1
0.717949 -0.241379 0.741233 0.498537 1
0.786325 -0.241379 0.755231 0.525378 1
0.854701 -0.241379 0.76668 0.554154 1
0.923077 -0.241379 0.775324 0.584684 1
0.991453 -0.241379 0.780906 0.616751 1
1.05983 -0.241379 0.783177 0.650086 1
1.12821 -0.241379 0.781908 0.684359 1
1.19658 -0.241379 0.776912 0.719167 0.88855
1.26496 -0.241379 0.768073 0.754017 0.738693
1.33333 -0.241379 0.7554 0.78831 0.599297
-1.33333 -0.172414 0.264465 0.803645 0.522969
-1.26496 -0.172414 0.251794 0.771137 0.650589
-1.19658 -0.172414 0.242719 0.737948 0.789175
-1.12821 -0.172414 0.237304 0.704694 0.935995
-1.05983 -0.172414 0.235471 0.671881 1
-0.991453 -0.172414 0.237055 0.639923 1
-0.923077 -0.172414 0.241844 0.609153 1
-0.854701 -0.172414 0.249599 0.579841 1
-0.786325 -0.172414 0.260072 0.552206 1
-0.717949 -0.172414 0.273015 0.526426 1
-0.649573 -0.172414 0.28818 0.502644 1
-0.581197 -0.172414 0.305329 0.480979 1
-0.512821 -0.172414 0.324227 0.461524 1
-0.444444 -0.172414 0.344651 0.444358 1
-0.376068 -0.172414 0.36638 0.429542 1
-0.307692 -0.172414 0.389203 0.417127 1
-0.239316 -0.172414 0.412913 0.407152 1
-0.17094 -0.172414 0.437309 0.399645 1
-0.102564 -0.172414 0.462191 0.394629 1
-0.034188 -0.172414 0.487365 0.392118 1
0.034188 -0.172414 0.512635 0.392118 1
0.102564 -0.172414 0.537809 0.394629 1
0.17094 -0.172414 0.562691 0.399645 1
0.239316 -0.172414 0.587087 0.407152 1
0.307692 -0.172414 0.610797 0.417127 1
0.376068 -0.172414 0.63362 0.429542 1
0.444444 -0.172414 0.655349 0.444358 1
0.512821 -0.172414 0.675773 0.461524 1
0.581197 -0.172414 0.694671 0.480979 1
0.649573 -0.172414 0.71182 0.502644 1
0.717949 -0.172414 0.726985 0.526426 1
0.786325 -0.172414 0.739928 0.552206 1
0.854701 -0.172414 0.750401 0.579841 1
0.923077 -0.172414 0.758156 0.609153 1
0.991453 -0.172414 0.762945 0.639923 1
1.05983 -0.172414 0.764529 0.671881 1
1.12821 -0.172414 0.762696 0.704694 0.935995
1.19658 -0.172414 0.757281 0.737948 0.789175
1.26496 -0.172414 0.748206 0.771137 0.650589
1.33333 -0.172414 0.735535 0.803645 0.522969
-1.33333 -0.103448 0.284407 0.819588 0.448091
-1.26496 -0.103448 0.271753 0.788974 0.56307
-1.19658 -0.103448 0.26242 0.757516 0.689474
-1.12821 -0.103448 0.256541 0.725851 0.824708
-1.05983 -0.103448 0.254089 0.694505 0.966141
-0.991453 -0.103448 0.254931 0.663906 1
-0.923077 -0.103448 0.258874 0.6344 1
-0.854701 -0.103448 0.265696 0.606262 1
-0.786325 -0.103448 0.27516 0.579717 1
-0.717949 -0.103448 0.287023 0.554941 1
-0.649573 -0.103448 0.301046 0.53208 1
-0.581197 -0.103448 0.316996 0.51125 1
-0.512821 -0.103448 0.334644 0.492545 1
-0.444444 -0.103448 0.353772 0.476039 1
-0.376068 -0.103448 0.374166 0.461794 1
-0.307692 -0.103448 0.39562 0.449857 1
-0.239316 -0.103448 0.417933 0.440266 1
-0.17094 -0.103448 0.44091 0.433049 1
-0.102564 -0.103448 0.464358 0.428227 1
-0.034188 -0.103448 0.488088 0.425812 1
0.034188 -0.103448 0.511912 0.425812 1
0.102564 -0.103448 0.535642 0.428227 1
0.17094 -0.103448 0.55909 0.433049 1
0.239316 -0.103448 0.582067 0.440266 1
0.307692 -0.103448 0.60438 0.449857 1
0.376068 -0.103448 0.625834 0.461794 1
0.444444 -0.103448 0.646228 0.476039 1
0.512821 -0.103448 0.665356 0.492545 1
0.581197 -0.103448 0.683004 0.51125 1
0.649573 -0.103448 0.698954 0.53208 1
0.717949 -0.103448 0.712977 0.554941 1
0.786325 -0.103448 0.72484 0.579717 1
0.854701 -0.103448 0.734304 0.606262 1
0.923077 -0.103448 0.741126 0.6344 1
0.991453 -0.103448 0.745069 0.663906 1
1.05983 -0.103448 0.745911 0.694505 0.966141
1.12821 -0.103448 0.743459 0.725851 0.824708
1.19658 -0.103448 0.73758 0.757516 0.689474
1.26496 -0.103448 0.728247 0.788974 0.56307
1.33333 -0.103448 0.715593 0.819588 0.448091
-1.33333 -0.0344828 0.304299 0.835866 0.376471
-1.26496 -0.0344828 0.291737 0.807286 0.478089
-1.19658 -0.0344828 0.282167 0.777663 0.591479
-1.12821 -0.0344828 0.275813 0.747653 0.714258
-1.05983 -0.0344828 0.272709 0.717808 0.843906
-0.991453 -0.0344828 0.272766 0.688577 0.97792
-0.923077 -0.0344828 0.275823 0.660322 1
-0.854701 -0.0344828 0.281675 0.633333 1
-0.786325 -0.0344828 0.290097 0.607841 1
-0.717949 -0.0344828 0.300857 0.584028 1
-0.649573 -0.0344828 0.313723 0.562042 1
-0.581197 -0.0344828 0.328467 0.542002 1
-0.512821 -0.0344828 0.344868 0.524 1
-0.444444 -0.0344828 0.36271 0.508113 1
-0.376068 -0.0344828 0.381785 0.494399 1
-0.307692 -0.0344828 0.401892 0.482907 1
-0.239316 -0.0344828 0.422836 0.473673 1
-0.17094 -0.0344828 0.444425 0.466725 1
-0.102564 -0.0344828 0.466472 0.462082 1
-0.034188 -0.0344828 0.488794 0.459758 1
0.034188 -0.0344828 0.511206 0.459758 1
0.102564 -0.0344828 0.533528 0.462082 1
0.17094 -0.0344828 0.555575 0.466725 1
0.239316 -0.0344828 0.577164 0.473673 1
0.307692 -0.0344828 0.598108 0.482907 1
0.376068 -0.0344828 0.618215 0.494399 1
0.444444 -0.0344828 0.63729 0.508113 1
0.512821 -0.0344828 0.655132 0.524 1
0.581197 -0.0344828 0.671533 0.542002 1
0.649573 -0.0344828 0.686277 0.562042 1
0.717949 -0.0344828 0.699143 0.584028 1
0.786325 -0.0344828 0.709903 0.607841 1
0.854701 -0.0344828 0.718325 0.633333 1
0.923077 -0.0344828 0.724177 0.660322 1
0.991453 -0.0344828 0.727234 0.688577 0.97792
1.05983 -0.0344828 0.727291 0.717808 0.843906
1.12821 -0.0344828 0.724187 0.747653 0.714258
1.19658 -0.0344828 0.717833 0.777663 0.591479
1.26496 -0.0344828 0.708263 0.807286 0.478089
1.33333 -0.0344828 0.695701 0.835866 0.376471
-1.33333 0.0344828 0.323963 0.852165 0.309863
-1.26496 0.0344828 0.311634 0.825791 0.39762
-1.19658 0.0344828 0.301906 0.798145 0.497307
-1.12821 0.0344828 0.295104 0.769894 0.606841
-1.05983 0.0344828 0.291345 0.741617 0.723885
-0.991453 0.0344828 0.290598 0.713791 0.846031
-0.923077 0.0344828 0.292739 0.686803 0.970923
-0.854701 0.0344828 0.297589 0.660958 1
-0.786325 0.0344828 0.304942 0.636501 1
-0.717949 0.0344828 0.314578 0.613625 1
-0.649573 0.0344828 0.326271 0.592484 1
-0.581197 0.0344828 0.339801 0.573199 1
-0.512821 0.0344828 0.354951 0.555867 1
-0.444444 0.0344828 0.371512 0.540565 1
-0.376068 0.0344828 0.389279 0.527353 1
-0.307692 0.0344828 0.408055 0.516279 1
-0.239316 0.0344828 0.427648 0.507379 1
-0.17094 0.0344828 0.447873 0.500682 1
-0.102564 0.0344828 0.468545 0.496207 1
-0.034188 0.0344828 0.489485 0.493966 1
0.034188 0.0344828 0.510515 0.493966 1
0.102564 0.0344828 0.531455 0.496207 1
0.17094 0.0344828 0.552127 0.500682 1
0.239316 0.0344828 0.572352 0.507379 1
0.307692 0.0344828 0.591945 0.516279 1
0.376068 0.0344828 0.610721 0.527353 1
0.444444 0.0344828 0.628488 0.540565 1
0.512821 0.0344828 0.645049 0.555867 1
0.581197 0.0344828 0.660199 0.573199 1
0.649573 0.0344828 0.673729 0.592484 1
0.717949 0.0344828 0.685422 0.613625 1
0.786325 0.0344828 0.695058 0.636501 1
0.854701 0.0344828 0.702411 0.660958 1
0.923077 0.0344828 0.707261 0.686803 0.970923
0.991453 0.0344828 0.709402 0.713791 0.846031
1.05983 0.0344828 0.708655 0.741617 0.723885
1.12821 0.0344828 0.704896 0.769894 0.606841
1.19658 0.0344828 0.698094 0.798145 0.497307
1.26496 0.0344828 0.688366 0.825791 0.39762
1.33333 0.0344828 0.676037 0.852165 0.309863
-1.33333 0.103448 0.343151 0.86813 0.249831
-1.26496 0.103448 0.331269 0.844157 0.323567
-1.19658 0.103448 0.321529 0.818666 0.409088
-1.12821 0.103448 0.314363 0.792321 0.504735
-1.05983 0.103448 0.309987 0.765722 0.608438
-0.991453 0.103448 0.308442 0.739377 0.717952
-0.923077 0.103448 0.309656 0.713699 0.831004
-0.854701 0.103448 0.313487 0.689021 0.945392
-0.786325 0.103448 0.31975 0.665605 1
-0.717949 0.103448 0.32824 0.64366 1
-0.649573 0.103448 0.338745 0.623348 1
-0.581197 0.103448 0.35105 0.604798 1
-0.512821 0.103448 0.364945 0.588113 1
-0.444444 0.103448 0.380224 0.573372 1
-0.376068 0.103448 0.396687 0.560639 1
-0.307692 0.103448 0.414141 0.549963 1
-0.239316 0.103448 0.432398 0.541381 1
-0.17094 0.103448 0.451274 0.534922 1
-0.102564 0.103448 0.470589 0.530605 1
-0.034188 0.103448 0.490167 0.528443 1
0.034188 0.103448 0.509833 0.528443 1
0.102564 0.103448 0.529411 0.530605 1
0.17094 0.103448 0.548726 0.534922 1
0.239316 0.103448 0.567602 0.541381 1
0.307692 0.103448 0.585859 0.549963 1
0.376068 0.103448 0.603313 0.560639 1
0.444444 0.103448 0.619776 0.573372 1
0.512821 0.103448 0.635055 0.588113 1
0.581197 0.103448 0.64895 0.604798 1
0.649573 0.103448 0.661255 0.623348 1
0.717949 0.103448 0.67176 0.64366 1
0.786325 0.103448 0.68025 0.665605 1
0.854701 0.103448 0.686513 0.689021 0.945392
0.923077 0.103448 0.690344 0.713699 0.831004
0.991453 0.103448 0.691558 0.739377 0.717952
1.05983 0.103448 0.690013 0.765722 0.608438
1.12821 0.103448 0.685637 0.792321 0.504735
1.19658 0.103448 0.678471 0.818666 0.409088
1.26496 0.103448 0.668731 0.844157 0.323567
1.33333 0.103448 0.656849 0.86813 0.249831
-1.33333 0.172414 0.361549 0.883383 0.197576
-1.26496 0.172414 0.35039 0.862 0.257596
-1.19658 0.172414 0.340858 0.838872 0.328844
-1.12821 0.172414 0.333482 0.814623 0.410202
-1.05983 0.172414 0.32858 0.789858 0.499987
-0.991453 0.172414 0.326283 0.765111 0.596197
-0.923077 0.172414 0.326588 0.740829 0.696707
-0.854701 0.172414 0.329397 0.717374 0.799398
-0.786325 0.172414 0.334559 0.695033 0.902227
-0.717949 0.172414 0.341891 0.674034 1
-0.649573 0.172414 0.351194 0.654556 1
-0.581197 0.172414 0.362263 0.636738 1
-0.512821 0.172414 0.374894 0.620691 1
-0.444444 0.172414 0.388887 0.6065 1
-0.376068 0.172414 0.404047 0.594233 1
-0.307692 0.172414 0.420182 0.583941 1
-0.239316 0.172414 0.437108 0.575665 1
-0.17094 0.172414 0.454645 0.569434 1
-0.102564 0.172414 0.472614 0.565269 1
-0.034188 0.172414 0.490843 0.563183 1
0.034188 0.172414 0.509157 0.563183 1
0.102564 0.172414 0.527386 0.565269 1
0.17094 0.172414 0.545355 0.569434 1
0.239316 0.172414 0.562892 0.575665 1
0.307692 0.172414 0.579818 0.583941 1
0.376068 0.172414 0.595953 0.594233 1
0.444444 0.172414 0.611113 0.6065 1
0.512821 0.172414 0.625106 0.620691 1
0.581197 0.172414 0.637737 0.636738 1
0.649573 0.172414 0.648806 0.654556 1
0.717949 0.172414 0.658109 0.674034 1
0.786325 0.172414 0.665441 0.695033 0.902227
0.854701 0.172414 0.670603 0.717374 0.799398
0.923077 0.172414 0.673412 0.740829 0.696707
0.991453 0.172414 0.673717 0.765111 0.596197
1.05983 0.172414 0.67142 0.789858 0.499987
1.12821 0.172414 0.666518 0.814623 0.410202
1.19658 0.172414 0.659142 0.838872 0.328844
1.26496 0.172414 0.64961 0.862 0.257596
1.33333 0.172414 0.638451 0.883383 0.197576
-1.33333 0.241379 0.378805 0.897552 0.153755
-1.26496 0.241379 0.368667 0.8789 0.200932
-1.19658 0.241379 0.35963 0.858342 0.258297
-1.12821 0.241379 0.352272 0.836411 0.325346
-1.05983 0.241379 0.347005 0.813683 0.400898
-0.991453 0.241379 0.344059 0.790704 0.483309
-0.923077 0.241379 0.34351 0.76795 0.570687
-0.854701 0.241379 0.345325 0.745815 0.661051
-0.786325 0.241379 0.349394 0.724619 0.752441
-0.717949 0.241379 0.355564 0.704614 0.842983
-0.649573 0.241379 0.363656 0.685999 0.930926
-0.581197 0.241379 0.373479 0.66893 1
-0.512821 0.241379 0.384839 0.653528 1
-0.444444 0.241379 0.39754 0.639889 1
-0.376068 0.241379 0.411391 0.628086 1
-0.307692 0.241379 0.426207 0.618175 1
-0.239316 0.241379 0.441803 0.6102 1
-0.17094 0.241379 0.458003 0.604194 1
-0.102564 0.241379 0.474631 0.600177 1
-0.034188 0.241379 0.491515 0.598165 1
0.034188 0.241379 0.508485 0.598165 1
0.102564 0.241379 0.525369 0.600177 1
0.17094 0.241379 0.541997 0.604194 1
0.239316 0.241379 0.558197 0.6102 1
0.307692 0.241379 0.573793 0.618175 1
0.376068 0.241379 0.588609 0.628086 1
0.444444 0.241379 0.60246 0.639889 1
0.512821 0.241379 0.615161 0.653528 1
0.581197 0.241379 0.626521 0.66893 1
0.649573 0.241379 0.636344 0.685999 0.930926
0.717949 0.241379 0.644436 0.704614 0.842983
0.786325 0.241379 0.650606 0.724619 0.752441
0.854701 0.241379 0.654675 0.745815 0.661051
0.923077 0.241379 0.65649 0.76795 0.570687
0.991453 0.241379 0.655941 0.790704 0.483309
1.05983 0.241379 0.652995 0.813683 0.400898
1.12821 0.241379 0.647728 0.836411 0.325346
1.19658 0.241379 0.64037 0.858342 0.258297
1.26496 0.241379 0.631333 0.8789 0.200932
1.33333 0.241379 0.621195 0.897552 0.153755
-1.33333 0.310345 0.394578 0.91033 0.118358
-1.26496 0.310345 0.385726 0.89445 0.154144
-1.19658 0.310345 0.377495 0.876616 0.198626
-1.12821 0.310345 0.37045 0.857222 0.251882
-1.05983 0.310345 0.365056 0.836767 0.313305
-0.991453 0.310345 0.361631 0.815774 0.38172
-0.923077 0.310345 0.360342 0.794733 0.455576
-0.854701 0.310345 0.36123 0.774068 0.533118
-0.786325 0.310345 0.364243 0.754131 0.612526
-0.717949 0.310345 0.369268 0.735205 0.69201
-0.649573 0.310345 0.376154 0.717515 0.769867
-0.581197 0.310345 0.384728 0.701238 0.844516
-0.512821 0.310345 0.394809 0.686512 0.914518
-0.444444 0.310345 0.406211 0.673444 0.978588
-0.376068 0.310345 0.418749 0.662117 1
-0.307692 0.310345 0.432239 0.652595 1
-0.239316 0.310345 0.446503 0.644926 1
-0.17094 0.310345 0.461364 0.639145 1
-0.102564 0.310345 0.476649 0.635278 1
-0.034188 0.310345 0.492188 0.63334 1
0.034188 0.310345 0.507812 0.63334 1
0.102564 0.310345 0.523351 0.635278 1
0.17094 0.310345 0.538636 0.639145 1
0.239316 0.310345 0.553497 0.644926 1
0.307692 0.310345 0.567761 0.652595 1
0.376068 0.310345 0.581251 0.662117 1
0.444444 0.310345 0.593789 0.673444 0.978588
0.512821 0.310345 0.605191 0.686512 0.914518
0.581197 0.310345 0.615272 0.701238 0.844516
0.649573 0.310345 0.623846 0.717515 0.769867
0.717949 0.310345 0.630732 0.735205 0.69201
0.786325 0.310345 0.635757 0.754131 0.612526
0.854701 0.310345 0.63877 0.774068 0.533118
0.923077 0.310345 0.639658 0.794733 0.455576
0.991453 0.310345 0.638369 0.815774 0.38172
1.05983 0.310345 0.634944 0.836767 0.313305
1.12821 0.310345 0.62955 0.857222 0.251882
1.19658 0.310345 0.622505 0.876616 0.198626
1.26496 0.310345 0.614274 0.89445 0.154144
1.33333 0.310345 0.605422 0.91033 0.118358
-1.33333 0.37931 0.408616 0.921528 0.090725
-1.26496 0.37931 0.401208 0.908319 0.117008
-1.19658 0.37931 0.394058 0.89325 0.150218
-1.12821 0.37931 0.387644 0.876552 0.190846
-1.05983 0.37931 0.382423 0.858596 0.238824
-0.991453 0.37931 0.378766 0.839836 0.293513
-0.923077 0.37931 0.37692 0.820742 0.353804
-0.854701 0.37931 0.377008 0.801749 0.418272
-0.786325 0.37931 0.379045 0.783239 0.485323
-0.717949 0.37931 0.382973 0.765526 0.55331
-0.649573 0.37931 0.388678 0.748865 0.620622
-0.581197 0.37931 0.396015 0.733459 0.685731
-0.512821 0.37931 0.404821 0.719468 0.74723
-0.444444 0.37931 0.414921 0.707014 0.803851
-0.376068 0.37931 0.426139 0.696195 0.854473
-0.307692 0.37931 0.438298 0.687083 0.898134
-0.239316 0.37931 0.451222 0.679735 0.934029
-0.17094 0.37931 0.464738 0.674191 0.961513
-0.102564 0.37931 0.478675 0.670479 0.980105
-0.034188 0.37931 0.492864 0.668619 0.989481
0.034188 0.37931 0.507136 0.668619 0.989481
0.102564 0.37931 0.521325 0.670479 0.980105
0.17094 0.37931 0.535262 0.674191 0.961513
0.239316 0.37931 0.548778 0.679735 0.934029
0.307692 0.37931 0.561702 0.687083 0.898134
0.376068 0.37931 0.573861 0.696195 0.854473
0.444444 0.37931 0.585079 0.707014 0.803851
0.512821 0.37931 0.595179 0.719468 0.74723
0.581197 0.37931 0.603985 0.733459 0.685731
0.649573 0.37931 0.611322 0.748865 0.620622
0.717949 0.37931 0.617027 0.765526 0.55331
0.786325 0.37931 0.620955 0.783239 0.485323
0.854701 0.37931 0.622992 0.801749 0.418272
0.923077 0.37931 0.62308 0.820742 0.353804
0.991453 0.37931 0.621234 0.839836 0.293513
1.05983 0.37931 0.617577 0.858596 0.238824
1.12821 0.37931 0.612356 0.876552 0.190846
1.19658 0.37931 0.605942 0.89325 0.150218
1.26496 0.37931 0.598792 0.908319 0.117008
1.33333 0.37931 0.591384 0.921528 0.090725
-1.33333 0.448276 0.42081 0.931105 0.0697299
-1.26496 0.448276 0.414862 0.920323 0.0885601
-1.19658 0.448276 0.408955 0.907903 0.112537
-1.12821 0.448276 0.40344 0.893928 0.142322
-1.05983 0.448276 0.398707 0.87862 0.178223
-0.991453 0.448276 0.395121 0.862318 0.220086
-0.923077 0.448276 0.392974 0.845422 0.267293
-0.854701 0.448276 0.392458 0.828349 0.31884
-0.786325 0.448276 0.393662 0.811486 0.373454
-0.717949 0.448276 0.396588 0.795173 0.42972
-0.649573 0.448276 0.401174 0.779695 0.486178
-0.581197 0.448276 0.40731 0.765284 0.541402
-0.512821 0.448276 0.414859 0.752124 0.594048
-0.444444 0.448276 0.423666 0.74036 0.642885
-0.376068 0.448276 0.433566 0.730105 0.686816
-0.307692 0.448276 0.44439 0.721447 0.724891
-0.239316 0.448276 0.455969 0.71445 0.756313
-0.17094 0.448276 0.468133 0.709164 0.780441
-0.102564 0.448276 0.480714 0.705622 0.796795
-0.034188 0.448276 0.493543 0.703846 0.805052
0.034188 0.448276 0.506457 0.703846 0.805052
0.102564 0.448276 0.519286 0.705622 0.796795
0.17094 0.448276 0.531867 0.709164 0.780441
0.239316 0.448276 0.544031 0.71445 0.756313
0.307692 0.448276 0.55561 0.721447 0.724891
0.376068 0.448276 0.566434 0.730105 0.686816
0.444444 0.448276 0.576334 0.74036 0.642885
0.512821 0.448276 0.585141 0.752124 0.594048
0.581197 0.448276 0.59269 0.765284 0.541402
0.649573 0.448276 0.598826 0.779695 0.486178
0.717949 0.448276 0.603412 0.795173 0.42972
0.786325 0.448276 0.606338 0.811486 0.373454
0.854701 0.448276 0.607542 0.828349 0.31884
0.923077 0.448276 0.607026 0.845422 0.267293
0.991453 0.448276 0.604879 0.862318 0.220086
1.05983 0.448276 0.601293 0.87862 0.178223
1.12821 0.448276 0.59656 0.893928 0.142322
1.19658 0.448276 0.591045 0.907903 0.112537
1.26496 0.448276 0.585138 0.920323 0.0885601
1.33333 0.448276 0.57919 0.931105 0.0697299
-1.33333 0.517241 0.431199 0.939148 0.0540555
-1.26496 0.517241 0.426597 0.930457 0.0673496
-1.19658 0.517241 0.421948 0.920419 0.0842431
-1.12821 0.517241 0.417484 0.909021 0.105356
-1.05983 0.517241 0.41349 0.896357 0.131143
-0.991453 0.517241 0.410276 0.882633 0.161773
-0.923077 0.517241 0.408127 0.868144 0.197053
-0.854701 0.517241 0.407269 0.853236 0.23642
-0.786325 0.517241 0.407849 0.838273 0.278995
-0.717949 0.517241 0.409932 0.823594 0.323679
-0.649573 0.517241 0.41351 0.809505 0.369249
-0.581197 0.517241 0.418522 0.796261 0.414444
-0.512821 0.517241 0.424864 0.784074 0.458031
-0.444444 0.517241 0.432407 0.773114 0.498854
-0.376068 0.517241 0.441005 0.763514 0.535865
-0.307692 0.517241 0.450502 0.755379 0.568145
-0.239316 0.517241 0.460736 0.748786 0.594916
-0.17094 0.517241 0.471544 0.743794 0.615548
-0.102564 0.517241 0.482763 0.740445 0.629568
-0.034188 0.517241 0.494227 0.738764 0.636657
0.034188 0.517241 0.505773 0.738764 0.636657
0.102564 0.517241 0.517237 0.740445 0.629568
0.17094 0.517241 0.528456 0.743794 0.615548
0.239316 0.517241 0.539264 0.748786 0.594916
0.307692 0.517241 0.549498 0.755379 0.568145
0.376068 0.517241 0.558995 0.763514 0.535865
0.444444 0.517241 0.567593 0.773114 0.498854
0.512821 0.517241 0.575136 0.784074 0.458031
0.581197 0.517241 0.581478 0.796261 0.414444
0.649573 0.517241 0.58649 0.809505 0.369249
0.717949 0.517241 0.590068 0.823594 0.323679
0.786325 0.517241 0.592151 0.838273 0.278995
0.854701 0.517241 0.592731 0.853236 0.23642
0.923077 0.517241 0.591873 0.868144 0.197053
0.991453 0.517241 0.589724 0.882633 0.161773
1.05983 0.517241 0.58651 0.896357 0.131143
1.12821 0.517241 0.582516 0.909021 0.105356
1.19658 0.517241 0.578052 0.920419 0.0842431
1.26496 0.517241 0.573403 0.930457 0.0673496
1.33333 0.517241 0.568801 0.939148 0.0540555
-1.33333 0.586207 0.439941 0.945836 0.0424399
-1.26496 0.586207 0.436491 0.938866 0.051787
-1.19658 0.586207 0.432988 0.930846 0.0635395
-1.12821 0.586207 0.429577 0.921726 0.0781709
-1.05983 0.586207 0.426448 0.911519 0.0961035
-0.991453 0.586207 0.423828 0.90032 0.117623
-0.923077 0.586207 0.421953 0.888308 0.142797
-0.854701 0.586207 0.421039 0.875734 0.171417
-0.786325 0.586207 0.421257 0.862891 0.202992
-0.717949 0.586207 0.422716 0.850089 0.236783
-0.649573 0.586207 0.42546 0.837623 0.271873
-0.581197 0.586207 0.429477 0.825762 0.30724
-0.512821 0.586207 0.434706 0.814736 0.341828
-0.444444 0.586207 0.441051 0.804737 0.374609
-0.376068 0.586207 0.448389 0.79592 0.404621
-0.307692 0.586207 0.456585 0.788408 0.431005
-0.239316 0.586207 0.465491 0.782297 0.453023
-0.17094 0.586207 0.474952 0.777655 0.470073
-0.102564 0.586207 0.484811 0.774535 0.481696
-0.034188 0.586207 0.49491 0.772966 0.487585
0.034188 0.586207 0.50509 0.772966 0.487585
0.102564 0.586207 0.515189 0.774535 0.481696
0.17094 0.586207 0.525048 0.777655 0.470073
0.239316 0.586207 0.534509 0.782297 0.453023
0.307692 0.586207 0.543415 0.788408 0.431005
0.376068 0.586207 0.551611 0.79592 0.404621
0.444444 0.586207 0.558949 0.804737 0.374609
0.512821 0.586207 0.565294 0.814736 0.341828
0.581197 0.586207 0.570523 0.825762 0.30724
0.649573 0.586207 0.57454 0.837623 0.271873
0.717949 0.586207 0.577284 0.850089 0.236783
0.786325 0.586207 0.578743 0.862891 0.202992
0.854701 0.586207 0.578961 0.875734 0.171417
0.923077 0.586207 0.578047 0.888308 0.142797
0.991453 0.586207 0.576172 0.90032 0.117623
1.05983 0.586207 0.573552 0.911519 0.0961035
1.12821 0.586207 0.570423 0.921726 0.0781709
1.19658 0.586207 0.567012 0.930846 0.0635395
1.26496 0.586207 0.563509 0.938866 0.051787
1.33333 0.586207 0.560059 0.945836 0.0424399
-1.33333 0.655172 0.447254 0.95138 0.0338197
-1.26496 0.655172 0.444735 0.945781 0.0404239
-1.19658 0.655172 0.442196 0.939397 0.0485902
-1.12821 0.655172 0.439725 0.932173 0.0586354
-1.05983 0.655172 0.437445 0.924088 0.0708707
-0.991453 0.655172 0.435509 0.915173 0.0855562
-0.923077 0.655172 0.434088 0.905517 0.102845
-0.854701 0.655172 0.433358 0.895276 0.122728
-0.786325 0.655172 0.433474 0.884656 0.144998
-0.717949 0.655172 0.434562 0.8739 0.16924
-0.649573 0.655172 0.436696 0.863265 0.194856
-0.581197 0.655172 0.439904 0.853002 0.221108
-0.512821 0.655172 0.444167 0.843342 0.247178
-0.444444 0.655172 0.449425 0.83449 0.272221
-0.376068 0.655172 0.455588 0.826616 0.295414
-0.307692 0.655172 0.462544 0.81986 0.315998
-0.239316 0.655172 0.470165 0.814333 0.333309
-0.17094 0.655172 0.47831 0.810118 0.346791
-0.102564 0.655172 0.486833 0.807276 0.356019
-0.034188 0.655172 0.495586 0.805846 0.360707
0.034188 0.655172 0.504414 0.805846 0.360707
0.102564 0.655172 0.513167 0.807276 0.356019
0.17094 0.655172 0.52169 0.810118 0.346791
0.239316 0.655172 0.529835 0.814333 0.333309
0.307692 0.655172 0.537456 0.81986 0.315998
0.376068 0.655172 0.544412 0.826616 0.295414
0.444444 0.655172 0.550575 0.83449 0.272221
0.512821 0.655172 0.555833 0.843342 0.247178
0.581197 0.655172 0.560096 0.853002 0.221108
0.649573 0.655172 0.563304 0.863265 0.194856
0.717949 0.655172 0.565438 0.8739 0.16924
0.786325 0.655172 0.566526 0.884656 0.144998
0.854701 0.655172 0.566642 0.895276 0.122728
0.923077 0.655172 0.565912 0.905517 0.102845
0.991453 0.655172 0.564491 0.915173 0.0855562
1.05983 0.655172 0.562555 0.924088 0.0708707
1.12821 0.655172 0.560275 0.932173 0.0586354
1.19658 0.655172 0.557804 0.939397 0.0485902
1.26496 0.655172 0.555265 0.945781 0.0404239
1.33333 0.655172 0.552746 0.95138 0.0338197
-1.33333 0.724138 0.453372 0.95599 0.0273686
-1.26496 0.724138 0.451575 0.951461 0.0320901
-1.19658 0.724138 0.449798 0.946362 0.0378107
-1.12821 0.724138 0.448099 0.940647 0.0447259
-1.05983 0.724138 0.446556 0.93429 0.0530351
-0.991453 0.724138 0.44527 0.927295 0.0629207
-0.923077 0.724138 0.444356 0.919702 0.0745182
-0.854701 0.724138 0.443942 0.911597 0.0878814
-0.786325 0.724138 0.44415 0.90311 0.102949
-0.717949 0.724138 0.445091 0.894409 0.119523
-0.649573 0.724138 0.446845 0.88569 0.137263
-0.581197 0.724138 0.449461 0.877163 0.155699
-0.512821 0.724138 0.452948 0.869034 0.174265
-0.444444 0.724138 0.457281 0.861496 0.192336
-0.376068 0.724138 0.462401 0.854724 0.209273
-0.307692 0.724138 0.468222 0.848864 0.22446
-0.239316 0.724138 0.474641 0.844036 0.23734
-0.17094 0.724138 0.481538 0.840336 0.247438
-0.102564 0.724138 0.488782 0.837832 0.254382
-0.034188 0.724138 0.496237 0.836568 0.257919
0.034188 0.724138 0.503763 0.836568 0.257919
0.102564 0.724138 0.511218 0.837832 0.254382
0.17094 0.724138 0.518462 0.840336 0.247438
0.239316 0.724138 0.525359 0.844036 0.23734
0.307692 0.724138 0.531778 0.848864 0.22446
0.376068 0.724138 0.537599 0.854724 0.209273
0.444444 0.724138 0.542719 0.861496 0.192336
0.512821 0.724138 0.547052 0.869034 0.174265
0.581197 0.724138 0.550539 0.877163 0.155699
0.649573 0.724138 0.553155 0.88569 0.137263
0.717949 0.724138 0.554909 0.894409 0.119523
0.786325 0.724138 0.55585 0.90311 0.102949
0.854701 0.724138 0.556058 0.911597 0.0878814
0.923077 0.724138 0.555644 0.919702 0.0745182
0.991453 0.724138 0.55473 0.927295 0.0629207
1.05983 0.724138 0.553444 0.93429 0.0530351
1.12821 0.724138 0.551901 0.940647 0.0447259
1.19658 0.724138 0.550202 0.946362 0.0378107
1.26496 0.724138 0.548425 0.951461 0.0320901
1.33333 0.724138 0.546628 0.95599 0.0273686
-1.33333 0.793103 0.458516 0.959858 0.0224717
-1.26496 0.793103 0.45726 0.956152 0.0259072
-1.19658 0.793103 0.456062 0.952043 0.0299751
-1.12821 0.793103 0.454958 0.947496 0.0347924
-1.05983 0.793103 0.454001 0.942489 0.0404771
-0.991453 0.793103 0.453257 0.937021 0.0471394
-0.923077 0.793103 0.452803 0.93111 0.0548677
-0.854701 0.793103 0.452727 0.924804 0.0637101
-0.786325 0.793103 0.453116 0.918183 0.0736543
-0.717949 0.793103 0.454053 0.911355 0.084609
-0.649573 0.793103 0.455609 0.904458 0.0963928
-0.581197 0.793103 0.457831 0.897646 0.108733
-0.512821 0.793103 0.460742 0.891085 0.121274
-0.444444 0.793103 0.464337 0.884939 0.133603
-0.376068 0.793103 0.468582 0.879363 0.14527
-0.307692 0.793103 0.473419 0.874497 0.155827
-0.239316 0.793103 0.478766 0.87046 0.164849
-0.17094 0.793103 0.484527 0.867347 0.171967
-0.102564 0.793103 0.490592 0.865233 0.176884
-0.034188 0.793103 0.496843 0.864163 0.179396
0.034188 0.793103 0.503157 0.864163 0.179396
0.102564 0.793103 0.509408 0.865233 0.176884
0.17094 0.793103 0.515473 0.867347 0.171967
0.239316 0.793103 0.521234 0.87046 0.164849
0.307692 0.793103 0.526581 0.874497 0.155827
0.376068 0.793103 0.531418 0.879363 0.14527
0.444444 0.793103 0.535663 0.884939 0.133603
0.512821 0.793103 0.539258 0.891085 0.121274
0.581197 0.793103 0.542169 0.897646 0.108733
0.649573 0.793103 0.544391 0.904458 0.0963928
0.717949 0.793103 0.545947 0.911355 0.084609
0.786325 0.793103 0.546884 0.918183 0.0736543
0.854701 0.793103 0.547273 0.924804 0.0637101
0.923077 0.793103 0.547197 0.93111 0.0548677
0.991453 0.793103 0.546743 0.937021 0.0471394
1.05983 0.793103 0.545999 0.942489 0.0404771
1.12821 0.793103 0.545042 0.947496 0.0347924
1.19658 0.793103 0.543938 0.952043 0.0299751
1.26496 0.793103 0.54274 0.956152 0.0259072
1.33333 0.793103 0.541484 0.959858 0.0224717
-1.33333 0.862069 0.462905 0.963174 0.0186595
-1.26496 0.862069 0.462022 0.960074 0.0212369
-1.19658 0.862069 0.461244 0.956714 0.0241929
-1.12821 0.862069 0.460579 0.953055 0.0276118
-1.05983 0.862069 0.46006 0.949078 0.0315636
-0.991453 0.862069 0.45973 0.944781 0.0361101
-0.923077 0.862069 0.459641 0.940176 0.0412999
-0.854701 0.862069 0.459853 0.935293 0.0471598
-0.786325 0.862069 0.460424 0.930183 0.053684
-0.717949 0.862069 0.461414 0.924916 0.0608238
-0.649573 0.862069 0.462874 0.919587 0.0684787
-0.581197 0.862069 0.464843 0.914302 0.0764921
-0.512821 0.862069 0.467343 0.909185 0.0846537
-0.444444 0.862069 0.470376 0.90436 0.0927074
-0.376068 0.862069 0.473924 0.899954 0.100367
-0.307692 0.862069 0.477947 0.896084 0.107333
-0.239316 0.862069 0.482385 0.892855 0.113316
-0.17094 0.862069 0.487163 0.890354 0.118057
-0.102564 0.862069 0.492195 0.888648 0.121343
-0.034188 0.862069 0.497381 0.887784 0.123025
0.034188 0.862069 0.502619 0.887784 0.123025
0.102564 0.862069 0.507805 0.888648 0.121343
0.17094 0.862069 0.512837 0.890354 0.118057
0.239316 0.862069 0.517615 0.892855 0.113316
0.307692 0.862069 0.522053 0.896084 0.107333
0.376068 0.862069 0.526076 0.899954 0.100367
0.444444 0.862069 0.529624 0.90436 0.0927074
0.512821 0.862069 0.532657 0.909185 0.0846537
0.581197 0.862069 0.535157 0.914302 0.0764921
0.649573 0.862069 0.537126 0.919587 0.0684787
0.717949 0.862069 0.538586 0.924916 0.0608238
0.786325 0.862069 0.539576 0.930183 0.053684
0.854701 0.862069 0.540147 0.935293 0.0471598
0.923077 0.862069 0.540359 0.940176 0.0412999
0.991453 0.862069 0.54027 0.944781 0.0361101
1.05983 0.862069 0.53994 0.949078 0.0315636
1.12821 0.862069 0.539421 0.953055 0.0276118
1.19658 0.862069 0.538756 0.956714 0.0241929
1.26496 0.862069 0.537978 0.960074 0.0212369
1.33333 0.862069 0.537095 0.963174 0.0186595
-1.33333 0.931034 -1001 -1001 -1
-1.26496 0.931034 0.466111 0.963472 0.0175721
-1.19658 0.931034 0.465581 0.960621 0.0198263
-1.12821 0.931034 0.465219 0.957619 0.022321
-1.05983 0.931034 0.465009 0.954415 0.0251318
-0.991453 0.931034 0.464975 0.950999 0.0282981
-0.923077 0.931034 0.465151 0.947379 0.0318456
-0.854701 0.931034 0.465574 0.943576 0.035785
-0.786325 0.931034 0.466286 0.939626 0.0401082
-0.717949 0.931034 0.467326 0.935578 0.0447827
-0.649573 0.931034 0.468729 0.931495 0.0497469
-0.581197 0.931034 0.470522 0.927454 0.0549075
-0.512821 0.931034 0.472722 0.923538 0.0601394
-0.444444 0.931034 0.47533 0.919842 0.0652889
-0.376068 0.931034 0.478336 0.916459 0.0701815
-0.307692 0.931034 0.48171 0.913478 0.0746323
-0.239316 0.931034 0.485409 0.910984 0.0784589
-0.17094 0.931034 0.489376 0.909047 0.0814943
-0.102564 0.931034 0.493543 0.907724 0.0836008
-0.034188 0.931034 0.497834 0.907052 0.0846796
0.034188 0.931034 0.502166 0.907052 0.0846796
0.102564 0.931034 0.506457 0.907724 0.0836008
0.17094 0.931034 0.510624 0.909047 0.0814943
0.239316 0.931034 0.514591 0.910984 0.0784589
0.307692 0.931034 0.51829 0.913478 0.0746323
0.376068 0.931034 0.521664 0.916459 0.0701815
0.444444 0.931034 0.52467 0.919842 0.0652889
0.512821 0.931034 0.527278 0.923538 0.0601394
0.581197 0.931034 0.529478 0.927454 0.0549075
0.649573 0.931034 0.531271 0.931495 0.0497469
0.717949 0.931034 0.532674 0.935578 0.0447827
0.786325 0.931034 0.533714 0.939626 0.0401082
0.854701 0.931034 0.534426 0.943576 0.035785
0.923077 0.931034 0.534849 0.947379 0.0318456
0.991453 0.931034 0.535025 0.950999 0.0282981
1.05983 0.931034 0.534991 0.954415 0.0251318
1.12821 0.931034 0.534781 0.957619 0.022321
1.19658 0.931034 0.534419 0.960621 0.0198263
1.26496 0.931034 0.533889 0.963472 0.0175721
1.33333 0.931034 -1001 -1001 -1
-1.33333 1 -1001 -1001 -1
-1.26496 1 -1001 -1001 -1
-1.19658 1 -1001 -1001 -1
-1.12821 1 0.469122 0.961469 0.0182936
-1.05983 1 0.469098 0.958808 0.020376
-0.991453 1 0.469257 0.956039 0.0226462
-0.923077 1 0.469608 0.95315 0.025133
-0.854701 1 0.470171 0.950151 0.0278428
-0.786325 1 0.470971 0.947066 0.030767
-0.717949 1 0.472035 0.943932 0.0338822
-0.649573 1 0.473384 0.940792 0.0371479
-0.581197 1 0.475037 0.937699 0.0405055
-0.512821 1 0.477003 0.934716 0.0438786
-0.444444 1 0.479282 0.931906 0.0471748
-0.376068 1 0.481864 0.929337 0.0502893
-0.307692 1 0.484728 0.927077 0.0531112
-0.239316 1 0.487841 0.925185 0.0555304
-0.17094 1 0.49116 0.923715 0.057446
-0.102564 1 0.494633 0.92271 0.0587738
-0.034188 1 0.4982 0.9222 0.0594535
0.034188 1 0.5018 0.9222 0.0594535
0.102564 1 0.505367 0.92271 0.0587738
0.17094 1 0.50884 0.923715 0.057446
0.239316 1 0.512159 0.925185 0.0555304
0.307692 1 0.515272 0.927077 0.0531112
0.376068 1 0.518136 0.929337 0.0502893
0.444444 1 0.520718 0.931906 0.0471748
0.512821 1 0.522997 0.934716 0.0438786
0.581197 1 0.524963 0.937699 0.0405055
0.649573 1 0.526616 0.940792 0.0371479
0.717949 1 0.527965 0.943932 0.0338822
0.786325 1 0.529029 0.947066 0.030767
0.854701 1 0.529829 0.950151 0.0278428
0.923077 1 0.530392 0.95315 0.025133
0.991453 1 0.530743 0.956039 0.0226462
1.05983 1 0.530902 0.958808 0.020376
1.12821 1 0.530878 0.961469 0.0182936
1.19658 1 -1001 -1001 -1
1.26496 1 -1001 -1001 -1
1.33333 1 -1001 -1001 -1
