3
60 40
-1.33333 -1 0.820088 0.0929337 1
-1.28814 -1 0.81803 0.0904873 1
-1.24294 -1 0.815947 0.0880814 1
-1.19774 -1 0.81384 0.0857192 1
-1.15254 -1 0.81171 0.0834041 1
-1.10734 -1 0.809555 0.0811393 1
-1.06215 -1 0.807378 0.0789282 1
-1.01695 -1 0.805178 0.076774 1
-0.971751 -1 0.802955 0.0746802 1
-0.926554 -1 0.800711 0.0726502 1
-0.881356 -1 0.798446 0.0706873 1
-0.836158 -1 0.796161 0.0687948 1
-0.79096 -1 0.793855 0.066976 1
-0.745763 -1 0.791531 0.0652342 1
-0.700565 -1 0.789188 0.0635725 1
-0.655367 -1 0.786828 0.0619941 1
-0.610169 -1 0.784452 0.0605018 1
-0.564972 -1 0.782059 0.0590987 1
-0.519774 -1 0.779652 0.0577875 1
-0.474576 -1 0.777231 0.0565707 1
-0.429379 -1 0.774797 0.055451 1
-0.384181 -1 0.772352 0.0544305 1
-0.338983 -1 0.769896 0.0535115 1
-0.293785 -1 0.76743 0.0526959 1
-0.248588 -1 0.764956 0.0519854 1
-0.20339 -1 0.762474 0.0513815 1
-0.158192 -1 0.759987 0.0508856 1
-0.112994 -1 0.757494 0.0504988 1
-0.0677966 -1 0.754998 0.0502219 1
-0.0225989 -1 0.7525 0.0500555 1
0.0225989 -1 0.75 0.05 1
0.0677966 -1 0.7475 0.0500555 1
0.112994 -1 0.745002 0.0502219 1
0.158192 -1 0.742506 0.0504988 1
0.20339 -1 0.740013 0.0508856 1
0.248588 -1 0.737526 0.0513815 1
0.293785 -1 0.735044 0.0519854 1
0.338983 -1 0.73257 0.0526959 1
0.384181 -1 0.730104 0.0535115 1
0.429379 -1 0.727648 0.0544305 1
0.474576 -1 0.725203 0.055451 1
0.519774 -1 0.722769 0.0565707 1
0.564972 -1 0.720348 0.0577875 1
0.610169 -1 0.717941 0.0590987 1
0.655367 -1 0.715548 0.0605018 1
0.700565 -1 0.713172 0.0619941 1
0.745763 -1 0.710812 0.0635725 1
0.79096 -1 0.708469 0.0652342 1
0.836158 -1 0.706145 0.066976 1
0.881356 -1 0.703839 0.0687948 1
0.926554 -1 0.701554 0.0706873 1
0.971751 -1 0.699289 0.0726502 1
1.01695 -1 0.697045 0.0746802 1
1.06215 -1 0.694822 0.076774 1
1.10734 -1 0.692622 0.0789282 1
1.15254 -1 0.690445 0.0811393 1
1.19774 -1 0.68829 0.0834041 1
1.24294 -1 0.68616 0.0857192 1
1.28814 -1 0.684053 0.0880814 1
1.33333 -1 0.68197 0.0904873 1
-1.33333 -0.948718 0.820088 0.113287 1
-1.28814 -0.948718 0.81803 0.110963 1
-1.24294 -0.948718 0.815947 0.108677 1
-1.19774 -0.948718 0.81384 0.106433 1
-1.15254 -0.948718 0.81171 0.104234 1
-1.10734 -0.948718 0.809555 0.102082 1
-1.06215 -0.948718 0.807378 0.0999817 1
-1.01695 -0.948718 0.805178 0.0979353 1
-0.971751 -0.948718 0.802955 0.0959462 1
-0.926554 -0.948718 0.800711 0.0940177 1
-0.881356 -0.948718 0.798446 0.0921529 1
-0.836158 -0.948718 0.796161 0.0903551 1
-0.79096 -0.948718 0.793855 0.0886272 1
-0.745763 -0.948718 0.791531 0.0869725 1
-0.700565 -0.948718 0.789188 0.0853939 1
-0.655367 -0.948718 0.786828 0.0838944 1
-0.610169 -0.948718 0.784452 0.0824767 1
-0.564972 -0.948718 0.782059 0.0811438 1
-0.519774 -0.948718 0.779652 0.0798981 1
-0.474576 -0.948718 0.777231 0.0787422 1
-0.429379 -0.948718 0.774797 0.0776784 1
-0.384181 -0.948718 0.772352 0.076709 1
-0.338983 -0.948718 0.769896 0.0758359 1
-0.293785 -0.948718 0.76743 0.0750611 1
-0.248588 -0.948718 0.764956 0.0743861 1
-0.20339 -0.948718 0.762474 0.0738124 1
-0.158192 -0.948718 0.759987 0.0733414 1
-0.112994 -0.948718 0.757494 0.0729739 1
-0.0677966 -0.948718 0.754998 0.0727108 1
-0.0225989 -0.948718 0.7525 0.0725527 1
0.0225989 -0.948718 0.75 0.0725 1
0.0677966 -0.948718 0.7475 0.0725527 1
0.112994 -0.948718 0.745002 0.0727108 1
0.158192 -0.948718 0.742506 0.0729739 1
0.20339 -0.948718 0.740013 0.0733414 1
0.248588 -0.948718 0.737526 0.0738124 1
0.293785 -0.948718 0.735044 0.0743861 1
0.338983 -0.948718 0.73257 0.0750611 1
0.384181 -0.948718 0.730104 0.0758359 1
0.429379 -0.948718 0.727648 0.076709 1
0.474576 -0.948718 0.725203 0.0776784 1
0.519774 -0.948718 0.722769 0.0787422 1
0.564972 -0.948718 0.720348 0.0798981 1
0.610169 -0.948718 0.717941 0.0811438 1
0.655367 -0.948718 0.715548 0.0824767 1
0.700565 -0.948718 0.713172 0.0838944 1
0.745763 -0.948718 0.710812 0.0853939 1
0.79096 -0.948718 0.708469 0.0869725 1
0.836158 -0.948718 0.706145 0.0886272 1
0.881356 -0.948718 0.703839 0.0903551 1
0.926554 -0.948718 0.701554 0.0921529 1
0.971751 -0.948718 0.699289 0.0940177 1
1.01695 -0.948718 0.697045 0.0959462 1
1.06215 -0.948718 0.694822 0.0979353 1
1.10734 -0.948718 0.692622 0.0999817 1
1.15254 -0.948718 0.690445 0.102082 1
1.19774 -0.948718 0.68829 0.104234 1
1.24294 -0.948718 0.68616 0.106433 1
1.28814 -0.948718 0.684053 0.108677 1
1.33333 -0.948718 0.68197 0.110963 1
-1.33333 -0.897436 0.820088 0.13364 1
-1.28814 -0.897436 0.81803 0.131439 1
-1.24294 -0.897436 0.815947 0.129273 1
-1.19774 -0.897436 0.81384 0.127147 1
-1.15254 -0.897436 0.81171 0.125064 1
-1.10734 -0.897436 0.809555 0.123025 1
-1.06215 -0.897436 0.807378 0.121035 1
-1.01695 -0.897436 0.805178 0.119097 1
-0.971751 -0.897436 0.802955 0.117212 1
-0.926554 -0.897436 0.800711 0.115385 1
-0.881356 -0.897436 0.798446 0.113619 1
-0.836158 -0.897436 0.796161 0.111915 1
-0.79096 -0.897436 0.793855 0.110278 1
-0.745763 -0.897436 0.791531 0.108711 1
-0.700565 -0.897436 0.789188 0.107215 1
-0.655367 -0.897436 0.786828 0.105795 1
-0.610169 -0.897436 0.784452 0.104452 1
-0.564972 -0.897436 0.782059 0.103189 1
-0.519774 -0.897436 0.779652 0.102009 1
-0.474576 -0.897436 0.777231 0.100914 1
-0.429379 -0.897436 0.774797 0.0999059 1
-0.384181 -0.897436 0.772352 0.0989875 1
-0.338983 -0.897436 0.769896 0.0981604 1
-0.293785 -0.897436 0.76743 0.0974263 1
-0.248588 -0.897436 0.764956 0.0967868 1
-0.20339 -0.897436 0.762474 0.0962434 1
-0.158192 -0.897436 0.759987 0.0957971 1
-0.112994 -0.897436 0.757494 0.0954489 1
-0.0677966 -0.897436 0.754998 0.0951997 1
-0.0225989 -0.897436 0.7525 0.09505 1
0.0225989 -0.897436 0.75 0.095 1
0.0677966 -0.897436 0.7475 0.09505 1
0.112994 -0.897436 0.745002 0.0951997 1
0.158192 -0.897436 0.742506 0.0954489 1
0.20339 -0.897436 0.740013 0.0957971 1
0.248588 -0.897436 0.737526 0.0962434 1
0.293785 -0.897436 0.735044 0.0967868 1
0.338983 -0.897436 0.73257 0.0974263 1
0.384181 -0.897436 0.730104 0.0981604 1
0.429379 -0.897436 0.727648 0.0989875 1
0.474576 -0.897436 0.725203 0.0999059 1
0.519774 -0.897436 0.722769 0.100914 1
0.564972 -0.897436 0.720348 0.102009 1
0.610169 -0.897436 0.717941 0.103189 1
0.655367 -0.897436 0.715548 0.104452 1
0.700565 -0.897436 0.713172 0.105795 1
0.745763 -0.897436 0.710812 0.107215 1
0.79096 -0.897436 0.708469 0.108711 1
0.836158 -0.897436 0.706145 0.110278 1
0.881356 -0.897436 0.703839 0.111915 1
0.926554 -0.897436 0.701554 0.113619 1
0.971751 -0.897436 0.699289 0.115385 1
1.01695 -0.897436 0.697045 0.117212 1
1.06215 -0.897436 0.694822 0.119097 1
1.10734 -0.897436 0.692622 0.121035 1
1.15254 -0.897436 0.690445 0.123025 1
1.19774 -0.897436 0.68829 0.125064 1
1.24294 -0.897436 0.68616 0.127147 1
1.28814 -0.897436 0.684053 0.129273 1
1.33333 -0.897436 0.68197 0.131439 1
-1.33333 -0.846154 0.820088 0.153994 1
-1.28814 -0.846154 0.81803 0.151914 1
-1.24294 -0.846154 0.815947 0.149869 1
-1.19774 -0.846154 0.81384 0.147861 1
-1.15254 -0.846154 0.81171 0.145893 1
-1.10734 -0.846154 0.809555 0.143968 1
-1.06215 -0.846154 0.807378 0.142089 1
-1.01695 -0.846154 0.805178 0.140258 1
-0.971751 -0.846154 0.802955 0.138478 1
-0.926554 -0.846154 0.800711 0.136753 1
-0.881356 -0.846154 0.798446 0.135084 1
-0.836158 -0.846154 0.796161 0.133476 1
-0.79096 -0.846154 0.793855 0.13193 1
-0.745763 -0.846154 0.791531 0.130449 1
-0.700565 -0.846154 0.789188 0.129037 1
-0.655367 -0.846154 0.786828 0.127695 1
-0.610169 -0.846154 0.784452 0.126427 1
-0.564972 -0.846154 0.782059 0.125234 1
-0.519774 -0.846154 0.779652 0.124119 1
-0.474576 -0.846154 0.777231 0.123085 1
-0.429379 -0.846154 0.774797 0.122133 1
-0.384181 -0.846154 0.772352 0.121266 1
-0.338983 -0.846154 0.769896 0.120485 1
-0.293785 -0.846154 0.76743 0.119792 1
-0.248588 -0.846154 0.764956 0.119188 1
-0.20339 -0.846154 0.762474 0.118674 1
-0.158192 -0.846154 0.759987 0.118253 1
-0.112994 -0.846154 0.757494 0.117924 1
-0.0677966 -0.846154 0.754998 0.117689 1
-0.0225989 -0.846154 0.7525 0.117547 1
0.0225989 -0.846154 0.75 0.1175 1
0.0677966 -0.846154 0.7475 0.117547 1
0.112994 -0.846154 0.745002 0.117689 1
0.158192 -0.846154 0.742506 0.117924 1
0.20339 -0.846154 0.740013 0.118253 1
0.248588 -0.846154 0.737526 0.118674 1
0.293785 -0.846154 0.735044 0.119188 1
0.338983 -0.846154 0.73257 0.119792 1
0.384181 -0.846154 0.730104 0.120485 1
0.429379 -0.846154 0.727648 0.121266 1
0.474576 -0.846154 0.725203 0.122133 1
0.519774 -0.846154 0.722769 0.123085 1
0.564972 -0.846154 0.720348 0.124119 1
0.610169 -0.846154 0.717941 0.125234 1
0.655367 -0.846154 0.715548 0.126427 1
0.700565 -0.846154 0.713172 0.127695 1
0.745763 -0.846154 0.710812 0.129037 1
0.79096 -0.846154 0.708469 0.130449 1
0.836158 -0.846154 0.706145 0.13193 1
0.881356 -0.846154 0.703839 0.133476 1
0.926554 -0.846154 0.701554 0.135084 1
0.971751 -0.846154 0.699289 0.136753 1
1.01695 -0.846154 0.697045 0.138478 1
1.06215 -0.846154 0.694822 0.140258 1
1.10734 -0.846154 0.692622 0.142089 1
1.15254 -0.846154 0.690445 0.143968 1
1.19774 -0.846154 0.68829 0.145893 1
1.24294 -0.846154 0.68616 0.147861 1
1.28814 -0.846154 0.684053 0.149869 1
1.33333 -0.846154 0.68197 0.151914 1
-1.33333 -0.794872 0.820088 0.174347 1
-1.28814 -0.794872 0.81803 0.17239 1
-1.24294 -0.794872 0.815947 0.170465 1
-1.19774 -0.794872 0.81384 0.168575 1
-1.15254 -0.794872 0.81171 0.166723 1
-1.10734 -0.794872 0.809555 0.164911 1
-1.06215 -0.794872 0.807378 0.163143 1
-1.01695 -0.794872 0.805178 0.161419 1
-0.971751 -0.794872 0.802955 0.159744 1
-0.926554 -0.794872 0.800711 0.15812 1
-0.881356 -0.794872 0.798446 0.15655 1
-0.836158 -0.794872 0.796161 0.155036 1
-0.79096 -0.794872 0.793855 0.153581 1
-0.745763 -0.794872 0.791531 0.152187 1
-0.700565 -0.794872 0.789188 0.150858 1
-0.655367 -0.794872 0.786828 0.149595 1
-0.610169 -0.794872 0.784452 0.148401 1
-0.564972 -0.794872 0.782059 0.147279 1
-0.519774 -0.794872 0.779652 0.14623 1
-0.474576 -0.794872 0.777231 0.145257 1
-0.429379 -0.794872 0.774797 0.144361 1
-0.384181 -0.794872 0.772352 0.143544 1
-0.338983 -0.794872 0.769896 0.142809 1
-0.293785 -0.794872 0.76743 0.142157 1
-0.248588 -0.794872 0.764956 0.141588 1
-0.20339 -0.794872 0.762474 0.141105 1
-0.158192 -0.794872 0.759987 0.140709 1
-0.112994 -0.794872 0.757494 0.140399 1
-0.0677966 -0.794872 0.754998 0.140178 1
-0.0225989 -0.794872 0.7525 0.140044 1
0.0225989 -0.794872 0.75 0.14 1
0.0677966 -0.794872 0.7475 0.140044 1
0.112994 -0.794872 0.745002 0.140178 1
0.158192 -0.794872 0.742506 0.140399 1
0.20339 -0.794872 0.740013 0.140709 1
0.248588 -0.794872 0.737526 0.141105 1
0.293785 -0.794872 0.735044 0.141588 1
0.338983 -0.794872 0.73257 0.142157 1
0.384181 -0.794872 0.730104 0.142809 1
0.429379 -0.794872 0.727648 0.143544 1
0.474576 -0.794872 0.725203 0.144361 1
0.519774 -0.794872 0.722769 0.145257 1
0.564972 -0.794872 0.720348 0.14623 1
0.610169 -0.794872 0.717941 0.147279 1
0.655367 -0.794872 0.715548 0.148401 1
0.700565 -0.794872 0.713172 0.149595 1
0.745763 -0.794872 0.710812 0.150858 1
0.79096 -0.794872 0.708469 0.152187 1
0.836158 -0.794872 0.706145 0.153581 1
0.881356 -0.794872 0.703839 0.155036 1
0.926554 -0.794872 0.701554 0.15655 1
0.971751 -0.794872 0.699289 0.15812 1
1.01695 -0.794872 0.697045 0.159744 1
1.06215 -0.794872 0.694822 0.161419 1
1.10734 -0.794872 0.692622 0.163143 1
1.15254 -0.794872 0.690445 0.164911 1
1.19774 -0.794872 0.68829 0.166723 1
1.24294 -0.794872 0.68616 0.168575 1
1.28814 -0.794872 0.684053 0.170465 1
1.33333 -0.794872 0.68197 0.17239 1
-1.33333 -0.74359 0.820088 0.1947 1
-1.28814 -0.74359 0.81803 0.192865 1
-1.24294 -0.74359 0.815947 0.191061 1
-1.19774 -0.74359 0.81384 0.189289 1
-1.15254 -0.74359 0.81171 0.187553 1
-1.10734 -0.74359 0.809555 0.185854 1
-1.06215 -0.74359 0.807378 0.184196 1
-1.01695 -0.74359 0.805178 0.182581 1
-0.971751 -0.74359 0.802955 0.18101 1
-0.926554 -0.74359 0.800711 0.179488 1
-0.881356 -0.74359 0.798446 0.178015 1
-0.836158 -0.74359 0.796161 0.176596 1
-0.79096 -0.74359 0.793855 0.175232 1
-0.745763 -0.74359 0.791531 0.173926 1
-0.700565 -0.74359 0.789188 0.172679 1
-0.655367 -0.74359 0.786828 0.171496 1
-0.610169 -0.74359 0.784452 0.170376 1
-0.564972 -0.74359 0.782059 0.169324 1
-0.519774 -0.74359 0.779652 0.168341 1
-0.474576 -0.74359 0.777231 0.167428 1
-0.429379 -0.74359 0.774797 0.166588 1
-0.384181 -0.74359 0.772352 0.165823 1
-0.338983 -0.74359 0.769896 0.165134 1
-0.293785 -0.74359 0.76743 0.164522 1
-0.248588 -0.74359 0.764956 0.163989 1
-0.20339 -0.74359 0.762474 0.163536 1
-0.158192 -0.74359 0.759987 0.163164 1
-0.112994 -0.74359 0.757494 0.162874 1
-0.0677966 -0.74359 0.754998 0.162666 1
-0.0225989 -0.74359 0.7525 0.162542 1
0.0225989 -0.74359 0.75 0.1625 1
0.0677966 -0.74359 0.7475 0.162542 1
0.112994 -0.74359 0.745002 0.162666 1
0.158192 -0.74359 0.742506 0.162874 1
0.20339 -0.74359 0.740013 0.163164 1
0.248588 -0.74359 0.737526 0.163536 1
0.293785 -0.74359 0.735044 0.163989 1
0.338983 -0.74359 0.73257 0.164522 1
0.384181 -0.74359 0.730104 0.165134 1
0.429379 -0.74359 0.727648 0.165823 1
0.474576 -0.74359 0.725203 0.166588 1
0.519774 -0.74359 0.722769 0.167428 1
0.564972 -0.74359 0.720348 0.168341 1
0.610169 -0.74359 0.717941 0.169324 1
0.655367 -0.74359 0.715548 0.170376 1
0.700565 -0.74359 0.713172 0.171496 1
0.745763 -0.74359 0.710812 0.172679 1
0.79096 -0.74359 0.708469 0.173926 1
0.836158 -0.74359 0.706145 0.175232 1
0.881356 -0.74359 0.703839 0.176596 1
0.926554 -0.74359 0.701554 0.178015 1
0.971751 -0.74359 0.699289 0.179488 1
1.01695 -0.74359 0.697045 0.18101 1
1.06215 -0.74359 0.694822 0.182581 1
1.10734 -0.74359 0.692622 0.184196 1
1.15254 -0.74359 0.690445 0.185854 1
1.19774 -0.74359 0.68829 0.187553 1
1.24294 -0.74359 0.68616 0.189289 1
1.28814 -0.74359 0.684053 0.191061 1
1.33333 -0.74359 0.68197 0.192865 1
-1.33333 -0.692308 0.820088 0.215054 1
-1.28814 -0.692308 0.81803 0.213341 1
-1.24294 -0.692308 0.815947 0.211657 1
-1.19774 -0.692308 0.81384 0.210003 1
-1.15254 -0.692308 0.81171 0.208383 1
-1.10734 -0.692308 0.809555 0.206798 1
-1.06215 -0.692308 0.807378 0.20525 1
-1.01695 -0.692308 0.805178 0.203742 1
-0.971751 -0.692308 0.802955 0.202276 1
-0.926554 -0.692308 0.800711 0.200855 1
-0.881356 -0.692308 0.798446 0.199481 1
-0.836158 -0.692308 0.796161 0.198156 1
-0.79096 -0.692308 0.793855 0.196883 1
-0.745763 -0.692308 0.791531 0.195664 1
-0.700565 -0.692308 0.789188 0.194501 1
-0.655367 -0.692308 0.786828 0.193396 1
-0.610169 -0.692308 0.784452 0.192351 1
-0.564972 -0.692308 0.782059 0.191369 1
-0.519774 -0.692308 0.779652 0.190451 1
-0.474576 -0.692308 0.777231 0.1896 1
-0.429379 -0.692308 0.774797 0.188816 1
-0.384181 -0.692308 0.772352 0.188101 1
-0.338983 -0.692308 0.769896 0.187458 1
-0.293785 -0.692308 0.76743 0.186887 1
-0.248588 -0.692308 0.764956 0.18639 1
-0.20339 -0.692308 0.762474 0.185967 1
-0.158192 -0.692308 0.759987 0.18562 1
-0.112994 -0.692308 0.757494 0.185349 1
-0.0677966 -0.692308 0.754998 0.185155 1
-0.0225989 -0.692308 0.7525 0.185039 1
0.0225989 -0.692308 0.75 0.185 1
0.0677966 -0.692308 0.7475 0.185039 1
0.112994 -0.692308 0.745002 0.185155 1
0.158192 -0.692308 0.742506 0.185349 1
0.20339 -0.692308 0.740013 0.18562 1
0.248588 -0.692308 0.737526 0.185967 1
0.293785 -0.692308 0.735044 0.18639 1
0.338983 -0.692308 0.73257 0.186887 1
0.384181 -0.692308 0.730104 0.187458 1
0.429379 -0.692308 0.727648 0.188101 1
0.474576 -0.692308 0.725203 0.188816 1
0.519774 -0.692308 0.722769 0.1896 1
0.564972 -0.692308 0.720348 0.190451 1
0.610169 -0.692308 0.717941 0.191369 1
0.655367 -0.692308 0.715548 0.192351 1
0.700565 -0.692308 0.713172 0.193396 1
0.745763 -0.692308 0.710812 0.194501 1
0.79096 -0.692308 0.708469 0.195664 1
0.836158 -0.692308 0.706145 0.196883 1
0.881356 -0.692308 0.703839 0.198156 1
0.926554 -0.692308 0.701554 0.199481 1
0.971751 -0.692308 0.699289 0.200855 1
1.01695 -0.692308 0.697045 0.202276 1
1.06215 -0.692308 0.694822 0.203742 1
1.10734 -0.692308 0.692622 0.20525 1
1.15254 -0.692308 0.690445 0.206798 1
1.19774 -0.692308 0.68829 0.208383 1
1.24294 -0.692308 0.68616 0.210003 1
1.28814 -0.692308 0.684053 0.211657 1
1.33333 -0.692308 0.68197 0.213341 1
-1.33333 -0.641026 0.820088 0.235407 1
-1.28814 -0.641026 0.81803 0.233817 1
-1.24294 -0.641026 0.815947 0.232253 1
-1.19774 -0.641026 0.81384 0.230717 1
-1.15254 -0.641026 0.81171 0.229213 1
-1.10734 -0.641026 0.809555 0.227741 1
-1.06215 -0.641026 0.807378 0.226303 1
-1.01695 -0.641026 0.805178 0.224903 1
-0.971751 -0.641026 0.802955 0.223542 1
-0.926554 -0.641026 0.800711 0.222223 1
-0.881356 -0.641026 0.798446 0.220947 1
-0.836158 -0.641026 0.796161 0.219717 1
-0.79096 -0.641026 0.793855 0.218534 1
-0.745763 -0.641026 0.791531 0.217402 1
-0.700565 -0.641026 0.789188 0.216322 1
-0.655367 -0.641026 0.786828 0.215296 1
-0.610169 -0.641026 0.784452 0.214326 1
-0.564972 -0.641026 0.782059 0.213414 1
-0.519774 -0.641026 0.779652 0.212562 1
-0.474576 -0.641026 0.777231 0.211771 1
-0.429379 -0.641026 0.774797 0.211043 1
-0.384181 -0.641026 0.772352 0.21038 1
-0.338983 -0.641026 0.769896 0.209782 1
-0.293785 -0.641026 0.76743 0.209252 1
-0.248588 -0.641026 0.764956 0.20879 1
-0.20339 -0.641026 0.762474 0.208398 1
-0.158192 -0.641026 0.759987 0.208076 1
-0.112994 -0.641026 0.757494 0.207824 1
-0.0677966 -0.641026 0.754998 0.207644 1
-0.0225989 -0.641026 0.7525 0.207536 1
0.0225989 -0.641026 0.75 0.2075 1
0.0677966 -0.641026 0.7475 0.207536 1
0.112994 -0.641026 0.745002 0.207644 1
0.158192 -0.641026 0.742506 0.207824 1
0.20339 -0.641026 0.740013 0.208076 1
0.248588 -0.641026 0.737526 0.208398 1
0.293785 -0.641026 0.735044 0.20879 1
0.338983 -0.641026 0.73257 0.209252 1
0.384181 -0.641026 0.730104 0.209782 1
0.429379 -0.641026 0.727648 0.21038 1
0.474576 -0.641026 0.725203 0.211043 1
0.519774 -0.641026 0.722769 0.211771 1
0.564972 -0.641026 0.720348 0.212562 1
0.610169 -0.641026 0.717941 0.213414 1
0.655367 -0.641026 0.715548 0.214326 1
0.700565 -0.641026 0.713172 0.215296 1
0.745763 -0.641026 0.710812 0.216322 1
0.79096 -0.641026 0.708469 0.217402 1
0.836158 -0.641026 0.706145 0.218534 1
0.881356 -0.641026 0.703839 0.219717 1
0.926554 -0.641026 0.701554 0.220947 1
0.971751 -0.641026 0.699289 0.222223 1
1.01695 -0.641026 0.697045 0.223542 1
1.06215 -0.641026 0.694822 0.224903 1
1.10734 -0.641026 0.692622 0.226303 1
1.15254 -0.641026 0.690445 0.227741 1
1.19774 -0.641026 0.68829 0.229213 1
1.24294 -0.641026 0.68616 0.230717 1
1.28814 -0.641026 0.684053 0.232253 1
1.33333 -0.641026 0.68197 0.233817 1
-1.33333 -0.589744 0.820088 0.25576 1
-1.28814 -0.589744 0.81803 0.254292 1
-1.24294 -0.589744 0.815947 0.252849 1
-1.19774 -0.589744 0.81384 0.251432 1
-1.15254 -0.589744 0.81171 0.250042 1
-1.10734 -0.589744 0.809555 0.248684 1
-1.06215 -0.589744 0.807378 0.247357 1
-1.01695 -0.589744 0.805178 0.246064 1
-0.971751 -0.589744 0.802955 0.244808 1
-0.926554 -0.589744 0.800711 0.24359 1
-0.881356 -0.589744 0.798446 0.242412 1
-0.836158 -0.589744 0.796161 0.241277 1
-0.79096 -0.589744 0.793855 0.240186 1
-0.745763 -0.589744 0.791531 0.239141 1
-0.700565 -0.589744 0.789188 0.238144 1
-0.655367 -0.589744 0.786828 0.237196 1
-0.610169 -0.589744 0.784452 0.236301 1
-0.564972 -0.589744 0.782059 0.235459 1
-0.519774 -0.589744 0.779652 0.234672 1
-0.474576 -0.589744 0.777231 0.233942 1
-0.429379 -0.589744 0.774797 0.233271 1
-0.384181 -0.589744 0.772352 0.232658 1
-0.338983 -0.589744 0.769896 0.232107 1
-0.293785 -0.589744 0.76743 0.231618 1
-0.248588 -0.589744 0.764956 0.231191 1
-0.20339 -0.589744 0.762474 0.230829 1
-0.158192 -0.589744 0.759987 0.230531 1
-0.112994 -0.589744 0.757494 0.230299 1
-0.0677966 -0.589744 0.754998 0.230133 1
-0.0225989 -0.589744 0.7525 0.230033 1
0.0225989 -0.589744 0.75 0.23 1
0.0677966 -0.589744 0.7475 0.230033 1
0.112994 -0.589744 0.745002 0.230133 1
0.158192 -0.589744 0.742506 0.230299 1
0.20339 -0.589744 0.740013 0.230531 1
0.248588 -0.589744 0.737526 0.230829 1
0.293785 -0.589744 0.735044 0.231191 1
0.338983 -0.589744 0.73257 0.231618 1
0.384181 -0.589744 0.730104 0.232107 1
0.429379 -0.589744 0.727648 0.232658 1
0.474576 -0.589744 0.725203 0.233271 1
0.519774 -0.589744 0.722769 0.233942 1
0.564972 -0.589744 0.720348 0.234672 1
0.610169 -0.589744 0.717941 0.235459 1
0.655367 -0.589744 0.715548 0.236301 1
0.700565 -0.589744 0.713172 0.237196 1
0.745763 -0.589744 0.710812 0.238144 1
0.79096 -0.589744 0.708469 0.239141 1
0.836158 -0.589744 0.706145 0.240186 1
0.881356 -0.589744 0.703839 0.241277 1
0.926554 -0.589744 0.701554 0.242412 1
0.971751 -0.589744 0.699289 0.24359 1
1.01695 -0.589744 0.697045 0.244808 1
1.06215 -0.589744 0.694822 0.246064 1
1.10734 -0.589744 0.692622 0.247357 1
1.15254 -0.589744 0.690445 0.248684 1
1.19774 -0.589744 0.68829 0.250042 1
1.24294 -0.589744 0.68616 0.251432 1
1.28814 -0.589744 0.684053 0.252849 1
1.33333 -0.589744 0.68197 0.254292 1
-1.33333 -0.538462 0.820088 0.276114 1
-1.28814 -0.538462 0.81803 0.274768 1
-1.24294 -0.538462 0.815947 0.273445 1
-1.19774 -0.538462 0.81384 0.272146 1
-1.15254 -0.538462 0.81171 0.270872 1
-1.10734 -0.538462 0.809555 0.269627 1
-1.06215 -0.538462 0.807378 0.26841 1
-1.01695 -0.538462 0.805178 0.267226 1
-0.971751 -0.538462 0.802955 0.266074 1
-0.926554 -0.538462 0.800711 0.264958 1
-0.881356 -0.538462 0.798446 0.263878 1
-0.836158 -0.538462 0.796161 0.262837 1
-0.79096 -0.538462 0.793855 0.261837 1
-0.745763 -0.538462 0.791531 0.260879 1
-0.700565 -0.538462 0.789188 0.259965 1
-0.655367 -0.538462 0.786828 0.259097 1
-0.610169 -0.538462 0.784452 0.258276 1
-0.564972 -0.538462 0.782059 0.257504 1
-0.519774 -0.538462 0.779652 0.256783 1
-0.474576 -0.538462 0.777231 0.256114 1
-0.429379 -0.538462 0.774797 0.255498 1
-0.384181 -0.538462 0.772352 0.254937 1
-0.338983 -0.538462 0.769896 0.254431 1
-0.293785 -0.538462 0.76743 0.253983 1
-0.248588 -0.538462 0.764956 0.253592 1
-0.20339 -0.538462 0.762474 0.25326 1
-0.158192 -0.538462 0.759987 0.252987 1
-0.112994 -0.538462 0.757494 0.252774 1
-0.0677966 -0.538462 0.754998 0.252622 1
-0.0225989 -0.538462 0.7525 0.252531 1
0.0225989 -0.538462 0.75 0.2525 1
0.0677966 -0.538462 0.7475 0.252531 1
0.112994 -0.538462 0.745002 0.252622 1
0.158192 -0.538462 0.742506 0.252774 1
0.20339 -0.538462 0.740013 0.252987 1
0.248588 -0.538462 0.737526 0.25326 1
0.293785 -0.538462 0.735044 0.253592 1
0.338983 -0.538462 0.73257 0.253983 1
0.384181 -0.538462 0.730104 0.254431 1
0.429379 -0.538462 0.727648 0.254937 1
0.474576 -0.538462 0.725203 0.255498 1
0.519774 -0.538462 0.722769 0.256114 1
0.564972 -0.538462 0.720348 0.256783 1
0.610169 -0.538462 0.717941 0.257504 1
0.655367 -0.538462 0.715548 0.258276 1
0.700565 -0.538462 0.713172 0.259097 1
0.745763 -0.538462 0.710812 0.259965 1
0.79096 -0.538462 0.708469 0.260879 1
0.836158 -0.538462 0.706145 0.261837 1
0.881356 -0.538462 0.703839 0.262837 1
0.926554 -0.538462 0.701554 0.263878 1
0.971751 -0.538462 0.699289 0.264958 1
1.01695 -0.538462 0.697045 0.266074 1
1.06215 -0.538462 0.694822 0.267226 1
1.10734 -0.538462 0.692622 0.26841 1
1.15254 -0.538462 0.690445 0.269627 1
1.19774 -0.538462 0.68829 0.270872 1
1.24294 -0.538462 0.68616 0.272146 1
1.28814 -0.538462 0.684053 0.273445 1
1.33333 -0.538462 0.68197 0.274768 1
-1.33333 -0.487179 0.820088 0.296467 1
-1.28814 -0.487179 0.81803 0.295244 1
-1.24294 -0.487179 0.815947 0.294041 1
-1.19774 -0.487179 0.81384 0.29286 1
-1.15254 -0.487179 0.81171 0.291702 1
-1.10734 -0.487179 0.809555 0.29057 1
-1.06215 -0.487179 0.807378 0.289464 1
-1.01695 -0.487179 0.805178 0.288387 1
-0.971751 -0.487179 0.802955 0.28734 1
-0.926554 -0.487179 0.800711 0.286325 1
-0.881356 -0.487179 0.798446 0.285344 1
-0.836158 -0.487179 0.796161 0.284397 1
-0.79096 -0.487179 0.793855 0.283488 1
-0.745763 -0.487179 0.791531 0.282617 1
-0.700565 -0.487179 0.789188 0.281786 1
-0.655367 -0.487179 0.786828 0.280997 1
-0.610169 -0.487179 0.784452 0.280251 1
-0.564972 -0.487179 0.782059 0.279549 1
-0.519774 -0.487179 0.779652 0.278894 1
-0.474576 -0.487179 0.777231 0.278285 1
-0.429379 -0.487179 0.774797 0.277725 1
-0.384181 -0.487179 0.772352 0.277215 1
-0.338983 -0.487179 0.769896 0.276756 1
-0.293785 -0.487179 0.76743 0.276348 1
-0.248588 -0.487179 0.764956 0.275993 1
-0.20339 -0.487179 0.762474 0.275691 1
-0.158192 -0.487179 0.759987 0.275443 1
-0.112994 -0.487179 0.757494 0.275249 1
-0.0677966 -0.487179 0.754998 0.275111 1
-0.0225989 -0.487179 0.7525 0.275028 1
0.0225989 -0.487179 0.75 0.275 1
0.0677966 -0.487179 0.7475 0.275028 1
0.112994 -0.487179 0.745002 0.275111 1
0.158192 -0.487179 0.742506 0.275249 1
0.20339 -0.487179 0.740013 0.275443 1
0.248588 -0.487179 0.737526 0.275691 1
0.293785 -0.487179 0.735044 0.275993 1
0.338983 -0.487179 0.73257 0.276348 1
0.384181 -0.487179 0.730104 0.276756 1
0.429379 -0.487179 0.727648 0.277215 1
0.474576 -0.487179 0.725203 0.277725 1
0.519774 -0.487179 0.722769 0.278285 1
0.564972 -0.487179 0.720348 0.278894 1
0.610169 -0.487179 0.717941 0.279549 1
0.655367 -0.487179 0.715548 0.280251 1
0.700565 -0.487179 0.713172 0.280997 1
0.745763 -0.487179 0.710812 0.281786 1
0.79096 -0.487179 0.708469 0.282617 1
0.836158 -0.487179 0.706145 0.283488 1
0.881356 -0.487179 0.703839 0.284397 1
0.926554 -0.487179 0.701554 0.285344 1
0.971751 -0.487179 0.699289 0.286325 1
1.01695 -0.487179 0.697045 0.28734 1
1.06215 -0.487179 0.694822 0.288387 1
1.10734 -0.487179 0.692622 0.289464 1
1.15254 -0.487179 0.690445 0.29057 1
1.19774 -0.487179 0.68829 0.291702 1
1.24294 -0.487179 0.68616 0.29286 1
1.28814 -0.487179 0.684053 0.294041 1
1.33333 -0.487179 0.68197 0.295244 1
-1.33333 -0.435897 0.820088 0.31682 1
-1.28814 -0.435897 0.81803 0.315719 1
-1.24294 -0.435897 0.815947 0.314637 1
-1.19774 -0.435897 0.81384 0.313574 1
-1.15254 -0.435897 0.81171 0.312532 1
-1.10734 -0.435897 0.809555 0.311513 1
-1.06215 -0.435897 0.807378 0.310518 1
-1.01695 -0.435897 0.805178 0.309548 1
-0.971751 -0.435897 0.802955 0.308606 1
-0.926554 -0.435897 0.800711 0.307693 1
-0.881356 -0.435897 0.798446 0.306809 1
-0.836158 -0.435897 0.796161 0.305958 1
-0.79096 -0.435897 0.793855 0.305139 1
-0.745763 -0.435897 0.791531 0.304355 1
-0.700565 -0.435897 0.789188 0.303608 1
-0.655367 -0.435897 0.786828 0.302897 1
-0.610169 -0.435897 0.784452 0.302226 1
-0.564972 -0.435897 0.782059 0.301594 1
-0.519774 -0.435897 0.779652 0.301004 1
-0.474576 -0.435897 0.777231 0.300457 1
-0.429379 -0.435897 0.774797 0.299953 1
-0.384181 -0.435897 0.772352 0.299494 1
-0.338983 -0.435897 0.769896 0.29908 1
-0.293785 -0.435897 0.76743 0.298713 1
-0.248588 -0.435897 0.764956 0.298393 1
-0.20339 -0.435897 0.762474 0.298122 1
-0.158192 -0.435897 0.759987 0.297899 1
-0.112994 -0.435897 0.757494 0.297724 1
-0.0677966 -0.435897 0.754998 0.2976 1
-0.0225989 -0.435897 0.7525 0.297525 1
0.0225989 -0.435897 0.75 0.2975 1
0.0677966 -0.435897 0.7475 0.297525 1
0.112994 -0.435897 0.745002 0.2976 1
0.158192 -0.435897 0.742506 0.297724 1
0.20339 -0.435897 0.740013 0.297899 1
0.248588 -0.435897 0.737526 0.298122 1
0.293785 -0.435897 0.735044 0.298393 1
0.338983 -0.435897 0.73257 0.298713 1
0.384181 -0.435897 0.730104 0.29908 1
0.429379 -0.435897 0.727648 0.299494 1
0.474576 -0.435897 0.725203 0.299953 1
0.519774 -0.435897 0.722769 0.300457 1
0.564972 -0.435897 0.720348 0.301004 1
0.610169 -0.435897 0.717941 0.301594 1
0.655367 -0.435897 0.715548 0.302226 1
0.700565 -0.435897 0.713172 0.302897 1
0.745763 -0.435897 0.710812 0.303608 1
0.79096 -0.435897 0.708469 0.304355 1
0.836158 -0.435897 0.706145 0.305139 1
0.881356 -0.435897 0.703839 0.305958 1
0.926554 -0.435897 0.701554 0.306809 1
0.971751 -0.435897 0.699289 0.307693 1
1.01695 -0.435897 0.697045 0.308606 1
1.06215 -0.435897 0.694822 0.309548 1
1.10734 -0.435897 0.692622 0.310518 1
1.15254 -0.435897 0.690445 0.311513 1
1.19774 -0.435897 0.68829 0.312532 1
1.24294 -0.435897 0.68616 0.313574 1
1.28814 -0.435897 0.684053 0.314637 1
1.33333 -0.435897 0.68197 0.315719 1
-1.33333 -0.384615 0.820088 0.337173 1
-1.28814 -0.384615 0.81803 0.336195 1
-1.24294 -0.384615 0.815947 0.335233 1
-1.19774 -0.384615 0.81384 0.334288 1
-1.15254 -0.384615 0.81171 0.333362 1
-1.10734 -0.384615 0.809555 0.332456 1
-1.06215 -0.384615 0.807378 0.331571 1
-1.01695 -0.384615 0.805178 0.33071 1
-0.971751 -0.384615 0.802955 0.329872 1
-0.926554 -0.384615 0.800711 0.32906 1
-0.881356 -0.384615 0.798446 0.328275 1
-0.836158 -0.384615 0.796161 0.327518 1
-0.79096 -0.384615 0.793855 0.32679 1
-0.745763 -0.384615 0.791531 0.326094 1
-0.700565 -0.384615 0.789188 0.325429 1
-0.655367 -0.384615 0.786828 0.324798 1
-0.610169 -0.384615 0.784452 0.324201 1
-0.564972 -0.384615 0.782059 0.323639 1
-0.519774 -0.384615 0.779652 0.323115 1
-0.474576 -0.384615 0.777231 0.322628 1
-0.429379 -0.384615 0.774797 0.32218 1
-0.384181 -0.384615 0.772352 0.321772 1
-0.338983 -0.384615 0.769896 0.321405 1
-0.293785 -0.384615 0.76743 0.321078 1
-0.248588 -0.384615 0.764956 0.320794 1
-0.20339 -0.384615 0.762474 0.320553 1
-0.158192 -0.384615 0.759987 0.320354 1
-0.112994 -0.384615 0.757494 0.3202 1
-0.0677966 -0.384615 0.754998 0.320089 1
-0.0225989 -0.384615 0.7525 0.320022 1
0.0225989 -0.384615 0.75 0.32 1
0.0677966 -0.384615 0.7475 0.320022 1
0.112994 -0.384615 0.745002 0.320089 1
0.158192 -0.384615 0.742506 0.3202 1
0.20339 -0.384615 0.740013 0.320354 1
0.248588 -0.384615 0.737526 0.320553 1
0.293785 -0.384615 0.735044 0.320794 1
0.338983 -0.384615 0.73257 0.321078 1
0.384181 -0.384615 0.730104 0.321405 1
0.429379 -0.384615 0.727648 0.321772 1
0.474576 -0.384615 0.725203 0.32218 1
0.519774 -0.384615 0.722769 0.322628 1
0.564972 -0.384615 0.720348 0.323115 1
0.610169 -0.384615 0.717941 0.323639 1
0.655367 -0.384615 0.715548 0.324201 1
0.700565 -0.384615 0.713172 0.324798 1
0.745763 -0.384615 0.710812 0.325429 1
0.79096 -0.384615 0.708469 0.326094 1
0.836158 -0.384615 0.706145 0.32679 1
0.881356 -0.384615 0.703839 0.327518 1
0.926554 -0.384615 0.701554 0.328275 1
0.971751 -0.384615 0.699289 0.32906 1
1.01695 -0.384615 0.697045 0.329872 1
1.06215 -0.384615 0.694822 0.33071 1
1.10734 -0.384615 0.692622 0.331571 1
1.15254 -0.384615 0.690445 0.332456 1
1.19774 -0.384615 0.68829 0.333362 1
1.24294 -0.384615 0.68616 0.334288 1
1.28814 -0.384615 0.684053 0.335233 1
1.33333 -0.384615 0.68197 0.336195 1
-1.33333 -0.333333 0.820088 0.357527 1
-1.28814 -0.333333 0.81803 0.356671 1
-1.24294 -0.333333 0.815947 0.355828 1
-1.19774 -0.333333 0.81384 0.355002 1
-1.15254 -0.333333 0.81171 0.354191 1
-1.10734 -0.333333 0.809555 0.353399 1
-1.06215 -0.333333 0.807378 0.352625 1
-1.01695 -0.333333 0.805178 0.351871 1
-0.971751 -0.333333 0.802955 0.351138 1
-0.926554 -0.333333 0.800711 0.350428 1
-0.881356 -0.333333 0.798446 0.349741 1
-0.836158 -0.333333 0.796161 0.349078 1
-0.79096 -0.333333 0.793855 0.348442 1
-0.745763 -0.333333 0.791531 0.347832 1
-0.700565 -0.333333 0.789188 0.34725 1
-0.655367 -0.333333 0.786828 0.346698 1
-0.610169 -0.333333 0.784452 0.346176 1
-0.564972 -0.333333 0.782059 0.345685 1
-0.519774 -0.333333 0.779652 0.345226 1
-0.474576 -0.333333 0.777231 0.3448 1
-0.429379 -0.333333 0.774797 0.344408 1
-0.384181 -0.333333 0.772352 0.344051 1
-0.338983 -0.333333 0.769896 0.343729 1
-0.293785 -0.333333 0.76743 0.343444 1
-0.248588 -0.333333 0.764956 0.343195 1
-0.20339 -0.333333 0.762474 0.342984 1
-0.158192 -0.333333 0.759987 0.34281 1
-0.112994 -0.333333 0.757494 0.342675 1
-0.0677966 -0.333333 0.754998 0.342578 1
-0.0225989 -0.333333 0.7525 0.342519 1
0.0225989 -0.333333 0.75 0.3425 1
0.0677966 -0.333333 0.7475 0.342519 1
0.112994 -0.333333 0.745002 0.342578 1
0.158192 -0.333333 0.742506 0.342675 1
0.20339 -0.333333 0.740013 0.34281 1
0.248588 -0.333333 0.737526 0.342984 1
0.293785 -0.333333 0.735044 0.343195 1
0.338983 -0.333333 0.73257 0.343444 1
0.384181 -0.333333 0.730104 0.343729 1
0.429379 -0.333333 0.727648 0.344051 1
0.474576 -0.333333 0.725203 0.344408 1
0.519774 -0.333333 0.722769 0.3448 1
0.564972 -0.333333 0.720348 0.345226 1
0.610169 -0.333333 0.717941 0.345685 1
0.655367 -0.333333 0.715548 0.346176 1
0.700565 -0.333333 0.713172 0.346698 1
0.745763 -0.333333 0.710812 0.34725 1
0.79096 -0.333333 0.708469 0.347832 1
0.836158 -0.333333 0.706145 0.348442 1
0.881356 -0.333333 0.703839 0.349078 1
0.926554 -0.333333 0.701554 0.349741 1
0.971751 -0.333333 0.699289 0.350428 1
1.01695 -0.333333 0.697045 0.351138 1
1.06215 -0.333333 0.694822 0.351871 1
1.10734 -0.333333 0.692622 0.352625 1
1.15254 -0.333333 0.690445 0.353399 1
1.19774 -0.333333 0.68829 0.354191 1
1.24294 -0.333333 0.68616 0.355002 1
1.28814 -0.333333 0.684053 0.355828 1
1.33333 -0.333333 0.68197 0.356671 1
-1.33333 -0.282051 0.820088 0.37788 1
-1.28814 -0.282051 0.81803 0.377146 1
-1.24294 -0.282051 0.815947 0.376424 1
-1.19774 -0.282051 0.81384 0.375716 1
-1.15254 -0.282051 0.81171 0.375021 1
-1.10734 -0.282051 0.809555 0.374342 1
-1.06215 -0.282051 0.807378 0.373678 1
-1.01695 -0.282051 0.805178 0.373032 1
-0.971751 -0.282051 0.802955 0.372404 1
-0.926554 -0.282051 0.800711 0.371795 1
-0.881356 -0.282051 0.798446 0.371206 1
-0.836158 -0.282051 0.796161 0.370638 1
-0.79096 -0.282051 0.793855 0.370093 1
-0.745763 -0.282051 0.791531 0.36957 1
-0.700565 -0.282051 0.789188 0.369072 1
-0.655367 -0.282051 0.786828 0.368598 1
-0.610169 -0.282051 0.784452 0.368151 1
-0.564972 -0.282051 0.782059 0.36773 1
-0.519774 -0.282051 0.779652 0.367336 1
-0.474576 -0.282051 0.777231 0.366971 1
-0.429379 -0.282051 0.774797 0.366635 1
-0.384181 -0.282051 0.772352 0.366329 1
-0.338983 -0.282051 0.769896 0.366053 1
-0.293785 -0.282051 0.76743 0.365809 1
-0.248588 -0.282051 0.764956 0.365596 1
-0.20339 -0.282051 0.762474 0.365414 1
-0.158192 -0.282051 0.759987 0.365266 1
-0.112994 -0.282051 0.757494 0.36515 1
-0.0677966 -0.282051 0.754998 0.365067 1
-0.0225989 -0.282051 0.7525 0.365017 1
0.0225989 -0.282051 0.75 0.365 1
0.0677966 -0.282051 0.7475 0.365017 1
0.112994 -0.282051 0.745002 0.365067 1
0.158192 -0.282051 0.742506 0.36515 1
0.20339 -0.282051 0.740013 0.365266 1
0.248588 -0.282051 0.737526 0.365414 1
0.293785 -0.282051 0.735044 0.365596 1
0.338983 -0.282051 0.73257 0.365809 1
0.384181 -0.282051 0.730104 0.366053 1
0.429379 -0.282051 0.727648 0.366329 1
0.474576 -0.282051 0.725203 0.366635 1
0.519774 -0.282051 0.722769 0.366971 1
0.564972 -0.282051 0.720348 0.367336 1
0.610169 -0.282051 0.717941 0.36773 1
0.655367 -0.282051 0.715548 0.368151 1
0.700565 -0.282051 0.713172 0.368598 1
0.745763 -0.282051 0.710812 0.369072 1
0.79096 -0.282051 0.708469 0.36957 1
0.836158 -0.282051 0.706145 0.370093 1
0.881356 -0.282051 0.703839 0.370638 1
0.926554 -0.282051 0.701554 0.371206 1
0.971751 -0.282051 0.699289 0.371795 1
1.01695 -0.282051 0.697045 0.372404 1
1.06215 -0.282051 0.694822 0.373032 1
1.10734 -0.282051 0.692622 0.373678 1
1.15254 -0.282051 0.690445 0.374342 1
1.19774 -0.282051 0.68829 0.375021 1
1.24294 -0.282051 0.68616 0.375716 1
1.28814 -0.282051 0.684053 0.376424 1
1.33333 -0.282051 0.68197 0.377146 1
-1.33333 -0.230769 0.820088 0.398233 1
-1.28814 -0.230769 0.81803 0.397622 1
-1.24294 -0.230769 0.815947 0.39702 1
-1.19774 -0.230769 0.81384 0.39643 1
-1.15254 -0.230769 0.81171 0.395851 1
-1.10734 -0.230769 0.809555 0.395285 1
-1.06215 -0.230769 0.807378 0.394732 1
-1.01695 -0.230769 0.805178 0.394194 1
-0.971751 -0.230769 0.802955 0.39367 1
-0.926554 -0.230769 0.800711 0.393163 1
-0.881356 -0.230769 0.798446 0.392672 1
-0.836158 -0.230769 0.796161 0.392199 1
-0.79096 -0.230769 0.793855 0.391744 1
-0.745763 -0.230769 0.791531 0.391309 1
-0.700565 -0.230769 0.789188 0.390893 1
-0.655367 -0.230769 0.786828 0.390499 1
-0.610169 -0.230769 0.784452 0.390125 1
-0.564972 -0.230769 0.782059 0.389775 1
-0.519774 -0.230769 0.779652 0.389447 1
-0.474576 -0.230769 0.777231 0.389143 1
-0.429379 -0.230769 0.774797 0.388863 1
-0.384181 -0.230769 0.772352 0.388608 1
-0.338983 -0.230769 0.769896 0.388378 1
-0.293785 -0.230769 0.76743 0.388174 1
-0.248588 -0.230769 0.764956 0.387996 1
-0.20339 -0.230769 0.762474 0.387845 1
-0.158192 -0.230769 0.759987 0.387721 1
-0.112994 -0.230769 0.757494 0.387625 1
-0.0677966 -0.230769 0.754998 0.387555 1
-0.0225989 -0.230769 0.7525 0.387514 1
0.0225989 -0.230769 0.75 0.3875 1
0.0677966 -0.230769 0.7475 0.387514 1
0.112994 -0.230769 0.745002 0.387555 1
0.158192 -0.230769 0.742506 0.387625 1
0.20339 -0.230769 0.740013 0.387721 1
0.248588 -0.230769 0.737526 0.387845 1
0.293785 -0.230769 0.735044 0.387996 1
0.338983 -0.230769 0.73257 0.388174 1
0.384181 -0.230769 0.730104 0.388378 1
0.429379 -0.230769 0.727648 0.388608 1
0.474576 -0.230769 0.725203 0.388863 1
0.519774 -0.230769 0.722769 0.389143 1
0.564972 -0.230769 0.720348 0.389447 1
0.610169 -0.230769 0.717941 0.389775 1
0.655367 -0.230769 0.715548 0.390125 1
0.700565 -0.230769 0.713172 0.390499 1
0.745763 -0.230769 0.710812 0.390893 1
0.79096 -0.230769 0.708469 0.391309 1
0.836158 -0.230769 0.706145 0.391744 1
0.881356 -0.230769 0.703839 0.392199 1
0.926554 -0.230769 0.701554 0.392672 1
0.971751 -0.230769 0.699289 0.393163 1
1.01695 -0.230769 0.697045 0.39367 1
1.06215 -0.230769 0.694822 0.394194 1
1.10734 -0.230769 0.692622 0.394732 1
1.15254 -0.230769 0.690445 0.395285 1
1.19774 -0.230769 0.68829 0.395851 1
1.24294 -0.230769 0.68616 0.39643 1
1.28814 -0.230769 0.684053 0.39702 1
1.33333 -0.230769 0.68197 0.397622 1
-1.33333 -0.179487 0.820088 0.418587 1
-1.28814 -0.179487 0.81803 0.418097 1
-1.24294 -0.179487 0.815947 0.417616 1
-1.19774 -0.179487 0.81384 0.417144 1
-1.15254 -0.179487 0.81171 0.416681 1
-1.10734 -0.179487 0.809555 0.416228 1
-1.06215 -0.179487 0.807378 0.415786 1
-1.01695 -0.179487 0.805178 0.415355 1
-0.971751 -0.179487 0.802955 0.414936 1
-0.926554 -0.179487 0.800711 0.41453 1
-0.881356 -0.179487 0.798446 0.414137 1
-0.836158 -0.179487 0.796161 0.413759 1
-0.79096 -0.179487 0.793855 0.413395 1
-0.745763 -0.179487 0.791531 0.413047 1
-0.700565 -0.179487 0.789188 0.412715 1
-0.655367 -0.179487 0.786828 0.412399 1
-0.610169 -0.179487 0.784452 0.4121 1
-0.564972 -0.179487 0.782059 0.41182 1
-0.519774 -0.179487 0.779652 0.411557 1
-0.474576 -0.179487 0.777231 0.411314 1
-0.429379 -0.179487 0.774797 0.41109 1
-0.384181 -0.179487 0.772352 0.410886 1
-0.338983 -0.179487 0.769896 0.410702 1
-0.293785 -0.179487 0.76743 0.410539 1
-0.248588 -0.179487 0.764956 0.410397 1
-0.20339 -0.179487 0.762474 0.410276 1
-0.158192 -0.179487 0.759987 0.410177 1
-0.112994 -0.179487 0.757494 0.4101 1
-0.0677966 -0.179487 0.754998 0.410044 1
-0.0225989 -0.179487 0.7525 0.410011 1
0.0225989 -0.179487 0.75 0.41 1
0.0677966 -0.179487 0.7475 0.410011 1
0.112994 -0.179487 0.745002 0.410044 1
0.158192 -0.179487 0.742506 0.4101 1
0.20339 -0.179487 0.740013 0.410177 1
0.248588 -0.179487 0.737526 0.410276 1
0.293785 -0.179487 0.735044 0.410397 1
0.338983 -0.179487 0.73257 0.410539 1
0.384181 -0.179487 0.730104 0.410702 1
0.429379 -0.179487 0.727648 0.410886 1
0.474576 -0.179487 0.725203 0.41109 1
0.519774 -0.179487 0.722769 0.411314 1
0.564972 -0.179487 0.720348 0.411557 1
0.610169 -0.179487 0.717941 0.41182 1
0.655367 -0.179487 0.715548 0.4121 1
0.700565 -0.179487 0.713172 0.412399 1
0.745763 -0.179487 0.710812 0.412715 1
0.79096 -0.179487 0.708469 0.413047 1
0.836158 -0.179487 0.706145 0.413395 1
0.881356 -0.179487 0.703839 0.413759 1
0.926554 -0.179487 0.701554 0.414137 1
0.971751 -0.179487 0.699289 0.41453 1
1.01695 -0.179487 0.697045 0.414936 1
1.06215 -0.179487 0.694822 0.415355 1
1.10734 -0.179487 0.692622 0.415786 1
1.15254 -0.179487 0.690445 0.416228 1
1.19774 -0.179487 0.68829 0.416681 1
1.24294 -0.179487 0.68616 0.417144 1
1.28814 -0.179487 0.684053 0.417616 1
1.33333 -0.179487 0.68197 0.418097 1
-1.33333 -0.128205 0.820088 0.43894 1
-1.28814 -0.128205 0.81803 0.438573 1
-1.24294 -0.128205 0.815947 0.438212 1
-1.19774 -0.128205 0.81384 0.437858 1
-1.15254 -0.128205 0.81171 0.437511 1
-1.10734 -0.128205 0.809555 0.437171 1
-1.06215 -0.128205 0.807378 0.436839 1
-1.01695 -0.128205 0.805178 0.436516 1
-0.971751 -0.128205 0.802955 0.436202 1
-0.926554 -0.128205 0.800711 0.435898 1
-0.881356 -0.128205 0.798446 0.435603 1
-0.836158 -0.128205 0.796161 0.435319 1
-0.79096 -0.128205 0.793855 0.435046 1
-0.745763 -0.128205 0.791531 0.434785 1
-0.700565 -0.128205 0.789188 0.434536 1
-0.655367 -0.128205 0.786828 0.434299 1
-0.610169 -0.128205 0.784452 0.434075 1
-0.564972 -0.128205 0.782059 0.433865 1
-0.519774 -0.128205 0.779652 0.433668 1
-0.474576 -0.128205 0.777231 0.433486 1
-0.429379 -0.128205 0.774797 0.433318 1
-0.384181 -0.128205 0.772352 0.433165 1
-0.338983 -0.128205 0.769896 0.433027 1
-0.293785 -0.128205 0.76743 0.432904 1
-0.248588 -0.128205 0.764956 0.432798 1
-0.20339 -0.128205 0.762474 0.432707 1
-0.158192 -0.128205 0.759987 0.432633 1
-0.112994 -0.128205 0.757494 0.432575 1
-0.0677966 -0.128205 0.754998 0.432533 1
-0.0225989 -0.128205 0.7525 0.432508 1
0.0225989 -0.128205 0.75 0.4325 1
0.0677966 -0.128205 0.7475 0.432508 1
0.112994 -0.128205 0.745002 0.432533 1
0.158192 -0.128205 0.742506 0.432575 1
0.20339 -0.128205 0.740013 0.432633 1
0.248588 -0.128205 0.737526 0.432707 1
0.293785 -0.128205 0.735044 0.432798 1
0.338983 -0.128205 0.73257 0.432904 1
0.384181 -0.128205 0.730104 0.433027 1
0.429379 -0.128205 0.727648 0.433165 1
0.474576 -0.128205 0.725203 0.433318 1
0.519774 -0.128205 0.722769 0.433486 1
0.564972 -0.128205 0.720348 0.433668 1
0.610169 -0.128205 0.717941 0.433865 1
0.655367 -0.128205 0.715548 0.434075 1
0.700565 -0.128205 0.713172 0.434299 1
0.745763 -0.128205 0.710812 0.434536 1
0.79096 -0.128205 0.708469 0.434785 1
0.836158 -0.128205 0.706145 0.435046 1
0.881356 -0.128205 0.703839 0.435319 1
0.926554 -0.128205 0.701554 0.435603 1
0.971751 -0.128205 0.699289 0.435898 1
1.01695 -0.128205 0.697045 0.436202 1
1.06215 -0.128205 0.694822 0.436516 1
1.10734 -0.128205 0.692622 0.436839 1
1.15254 -0.128205 0.690445 0.437171 1
1.19774 -0.128205 0.68829 0.437511 1
1.24294 -0.128205 0.68616 0.437858 1
1.28814 -0.128205 0.684053 0.438212 1
1.33333 -0.128205 0.68197 0.438573 1
-1.33333 -0.0769231 0.820088 0.459293 1
-1.28814 -0.0769231 0.81803 0.459049 1
-1.24294 -0.0769231 0.815947 0.458808 1
-1.19774 -0.0769231 0.81384 0.458572 1
-1.15254 -0.0769231 0.81171 0.45834 1
-1.10734 -0.0769231 0.809555 0.458114 1
-1.06215 -0.0769231 0.807378 0.457893 1
-1.01695 -0.0769231 0.805178 0.457677 1
-0.971751 -0.0769231 0.802955 0.457468 1
-0.926554 -0.0769231 0.800711 0.457265 1
-0.881356 -0.0769231 0.798446 0.457069 1
-0.836158 -0.0769231 0.796161 0.456879 1
-0.79096 -0.0769231 0.793855 0.456698 1
-0.745763 -0.0769231 0.791531 0.456523 1
-0.700565 -0.0769231 0.789188 0.456357 1
-0.655367 -0.0769231 0.786828 0.456199 1
-0.610169 -0.0769231 0.784452 0.45605 1
-0.564972 -0.0769231 0.782059 0.45591 1
-0.519774 -0.0769231 0.779652 0.455779 1
-0.474576 -0.0769231 0.777231 0.455657 1
-0.429379 -0.0769231 0.774797 0.455545 1
-0.384181 -0.0769231 0.772352 0.455443 1
-0.338983 -0.0769231 0.769896 0.455351 1
-0.293785 -0.0769231 0.76743 0.45527 1
-0.248588 -0.0769231 0.764956 0.455199 1
-0.20339 -0.0769231 0.762474 0.455138 1
-0.158192 -0.0769231 0.759987 0.455089 1
-0.112994 -0.0769231 0.757494 0.45505 1
-0.0677966 -0.0769231 0.754998 0.455022 1
-0.0225989 -0.0769231 0.7525 0.455006 1
0.0225989 -0.0769231 0.75 0.455 1
0.0677966 -0.0769231 0.7475 0.455006 1
0.112994 -0.0769231 0.745002 0.455022 1
0.158192 -0.0769231 0.742506 0.45505 1
0.20339 -0.0769231 0.740013 0.455089 1
0.248588 -0.0769231 0.737526 0.455138 1
0.293785 -0.0769231 0.735044 0.455199 1
0.338983 -0.0769231 0.73257 0.45527 1
0.384181 -0.0769231 0.730104 0.455351 1
0.429379 -0.0769231 0.727648 0.455443 1
0.474576 -0.0769231 0.725203 0.455545 1
0.519774 -0.0769231 0.722769 0.455657 1
0.564972 -0.0769231 0.720348 0.455779 1
0.610169 -0.0769231 0.717941 0.45591 1
0.655367 -0.0769231 0.715548 0.45605 1
0.700565 -0.0769231 0.713172 0.456199 1
0.745763 -0.0769231 0.710812 0.456357 1
0.79096 -0.0769231 0.708469 0.456523 1
0.836158 -0.0769231 0.706145 0.456698 1
0.881356 -0.0769231 0.703839 0.456879 1
0.926554 -0.0769231 0.701554 0.457069 1
0.971751 -0.0769231 0.699289 0.457265 1
1.01695 -0.0769231 0.697045 0.457468 1
1.06215 -0.0769231 0.694822 0.457677 1
1.10734 -0.0769231 0.692622 0.457893 1
1.15254 -0.0769231 0.690445 0.458114 1
1.19774 -0.0769231 0.68829 0.45834 1
1.24294 -0.0769231 0.68616 0.458572 1
1.28814 -0.0769231 0.684053 0.458808 1
1.33333 -0.0769231 0.68197 0.459049 1
-1.33333 -0.025641 0.820088 0.479647 1
-1.28814 -0.025641 0.81803 0.479524 1
-1.24294 -0.025641 0.815947 0.479404 1
-1.19774 -0.025641 0.81384 0.479286 1
-1.15254 -0.025641 0.81171 0.47917 1
-1.10734 -0.025641 0.809555 0.479057 1
-1.06215 -0.025641 0.807378 0.478946 1
-1.01695 -0.025641 0.805178 0.478839 1
-0.971751 -0.025641 0.802955 0.478734 1
-0.926554 -0.025641 0.800711 0.478633 1
-0.881356 -0.025641 0.798446 0.478534 1
-0.836158 -0.025641 0.796161 0.47844 1
-0.79096 -0.025641 0.793855 0.478349 1
-0.745763 -0.025641 0.791531 0.478262 1
-0.700565 -0.025641 0.789188 0.478179 1
-0.655367 -0.025641 0.786828 0.4781 1
-0.610169 -0.025641 0.784452 0.478025 1
-0.564972 -0.025641 0.782059 0.477955 1
-0.519774 -0.025641 0.779652 0.477889 1
-0.474576 -0.025641 0.777231 0.477829 1
-0.429379 -0.025641 0.774797 0.477773 1
-0.384181 -0.025641 0.772352 0.477722 1
-0.338983 -0.025641 0.769896 0.477676 1
-0.293785 -0.025641 0.76743 0.477635 1
-0.248588 -0.025641 0.764956 0.477599 1
-0.20339 -0.025641 0.762474 0.477569 1
-0.158192 -0.025641 0.759987 0.477544 1
-0.112994 -0.025641 0.757494 0.477525 1
-0.0677966 -0.025641 0.754998 0.477511 1
-0.0225989 -0.025641 0.7525 0.477503 1
0.0225989 -0.025641 0.75 0.4775 1
0.0677966 -0.025641 0.7475 0.477503 1
0.112994 -0.025641 0.745002 0.477511 1
0.158192 -0.025641 0.742506 0.477525 1
0.20339 -0.025641 0.740013 0.477544 1
0.248588 -0.025641 0.737526 0.477569 1
0.293785 -0.025641 0.735044 0.477599 1
0.338983 -0.025641 0.73257 0.477635 1
0.384181 -0.025641 0.730104 0.477676 1
0.429379 -0.025641 0.727648 0.477722 1
0.474576 -0.025641 0.725203 0.477773 1
0.519774 -0.025641 0.722769 0.477829 1
0.564972 -0.025641 0.720348 0.477889 1
0.610169 -0.025641 0.717941 0.477955 1
0.655367 -0.025641 0.715548 0.478025 1
0.700565 -0.025641 0.713172 0.4781 1
0.745763 -0.025641 0.710812 0.478179 1
0.79096 -0.025641 0.708469 0.478262 1
0.836158 -0.025641 0.706145 0.478349 1
0.881356 -0.025641 0.703839 0.47844 1
0.926554 -0.025641 0.701554 0.478534 1
0.971751 -0.025641 0.699289 0.478633 1
1.01695 -0.025641 0.697045 0.478734 1
1.06215 -0.025641 0.694822 0.478839 1
1.10734 -0.025641 0.692622 0.478946 1
1.15254 -0.025641 0.690445 0.479057 1
1.19774 -0.025641 0.68829 0.47917 1
1.24294 -0.025641 0.68616 0.479286 1
1.28814 -0.025641 0.684053 0.479404 1
1.33333 -0.025641 0.68197 0.479524 1
-1.33333 0.025641 0.820088 0.5 1
-1.28814 0.025641 0.81803 0.5 1
-1.24294 0.025641 0.815947 0.5 1
-1.19774 0.025641 0.81384 0.5 1
-1.15254 0.025641 0.81171 0.5 1
-1.10734 0.025641 0.809555 0.5 1
-1.06215 0.025641 0.807378 0.5 1
-1.01695 0.025641 0.805178 0.5 1
-0.971751 0.025641 0.802955 0.5 1
-0.926554 0.025641 0.800711 0.5 1
-0.881356 0.025641 0.798446 0.5 1
-0.836158 0.025641 0.796161 0.5 1
-0.79096 0.025641 0.793855 0.5 1
-0.745763 0.025641 0.791531 0.5 1
-0.700565 0.025641 0.789188 0.5 1
-0.655367 0.025641 0.786828 0.5 1
-0.610169 0.025641 0.784452 0.5 1
-0.564972 0.025641 0.782059 0.5 1
-0.519774 0.025641 0.779652 0.5 1
-0.474576 0.025641 0.777231 0.5 1
-0.429379 0.025641 0.774797 0.5 1
-0.384181 0.025641 0.772352 0.5 1
-0.338983 0.025641 0.769896 0.5 1
-0.293785 0.025641 0.76743 0.5 1
-0.248588 0.025641 0.764956 0.5 1
-0.20339 0.025641 0.762474 0.5 1
-0.158192 0.025641 0.759987 0.5 1
-0.112994 0.025641 0.757494 0.5 1
-0.0677966 0.025641 0.754998 0.5 1
-0.0225989 0.025641 0.7525 0.5 1
0.0225989 0.025641 0.75 0.5 1
0.0677966 0.025641 0.7475 0.5 1
0.112994 0.025641 0.745002 0.5 1
0.158192 0.025641 0.742506 0.5 1
0.20339 0.025641 0.740013 0.5 1
0.248588 0.025641 0.737526 0.5 1
0.293785 0.025641 0.735044 0.5 1
0.338983 0.025641 0.73257 0.5 1
0.384181 0.025641 0.730104 0.5 1
0.429379 0.025641 0.727648 0.5 1
0.474576 0.025641 0.725203 0.5 1
0.519774 0.025641 0.722769 0.5 1
0.564972 0.025641 0.720348 0.5 1
0.610169 0.025641 0.717941 0.5 1
0.655367 0.025641 0.715548 0.5 1
0.700565 0.025641 0.713172 0.5 1
0.745763 0.025641 0.710812 0.5 1
0.79096 0.025641 0.708469 0.5 1
0.836158 0.025641 0.706145 0.5 1
0.881356 0.025641 0.703839 0.5 1
0.926554 0.025641 0.701554 0.5 1
0.971751 0.025641 0.699289 0.5 1
1.01695 0.025641 0.697045 0.5 1
1.06215 0.025641 0.694822 0.5 1
1.10734 0.025641 0.692622 0.5 1
1.15254 0.025641 0.690445 0.5 1
1.19774 0.025641 0.68829 0.5 1
1.24294 0.025641 0.68616 0.5 1
1.28814 0.025641 0.684053 0.5 1
1.33333 0.025641 0.68197 0.5 1
-1.33333 0.0769231 0.820088 0.520353 1
-1.28814 0.0769231 0.81803 0.520476 1
-1.24294 0.0769231 0.815947 0.520596 1
-1.19774 0.0769231 0.81384 0.520714 1
-1.15254 0.0769231 0.81171 0.52083 1
-1.10734 0.0769231 0.809555 0.520943 1
-1.06215 0.0769231 0.807378 0.521054 1
-1.01695 0.0769231 0.805178 0.521161 1
-0.971751 0.0769231 0.802955 0.521266 1
-0.926554 0.0769231 0.800711 0.521367 1
-0.881356 0.0769231 0.798446 0.521466 1
-0.836158 0.0769231 0.796161 0.52156 1
-0.79096 0.0769231 0.793855 0.521651 1
-0.745763 0.0769231 0.791531 0.521738 1
-0.700565 0.0769231 0.789188 0.521821 1
-0.655367 0.0769231 0.786828 0.5219 1
-0.610169 0.0769231 0.784452 0.521975 1
-0.564972 0.0769231 0.782059 0.522045 1
-0.519774 0.0769231 0.779652 0.522111 1
-0.474576 0.0769231 0.777231 0.522171 1
-0.429379 0.0769231 0.774797 0.522227 1
-0.384181 0.0769231 0.772352 0.522278 1
-0.338983 0.0769231 0.769896 0.522324 1
-0.293785 0.0769231 0.76743 0.522365 1
-0.248588 0.0769231 0.764956 0.522401 1
-0.20339 0.0769231 0.762474 0.522431 1
-0.158192 0.0769231 0.759987 0.522456 1
-0.112994 0.0769231 0.757494 0.522475 1
-0.0677966 0.0769231 0.754998 0.522489 1
-0.0225989 0.0769231 0.7525 0.522497 1
0.0225989 0.0769231 0.75 0.5225 1
0.0677966 0.0769231 0.7475 0.522497 1
0.112994 0.0769231 0.745002 0.522489 1
0.158192 0.0769231 0.742506 0.522475 1
0.20339 0.0769231 0.740013 0.522456 1
0.248588 0.0769231 0.737526 0.522431 1
0.293785 0.0769231 0.735044 0.522401 1
0.338983 0.0769231 0.73257 0.522365 1
0.384181 0.0769231 0.730104 0.522324 1
0.429379 0.0769231 0.727648 0.522278 1
0.474576 0.0769231 0.725203 0.522227 1
0.519774 0.0769231 0.722769 0.522171 1
0.564972 0.0769231 0.720348 0.522111 1
0.610169 0.0769231 0.717941 0.522045 1
0.655367 0.0769231 0.715548 0.521975 1
0.700565 0.0769231 0.713172 0.5219 1
0.745763 0.0769231 0.710812 0.521821 1
0.79096 0.0769231 0.708469 0.521738 1
0.836158 0.0769231 0.706145 0.521651 1
0.881356 0.0769231 0.703839 0.52156 1
0.926554 0.0769231 0.701554 0.521466 1
0.971751 0.0769231 0.699289 0.521367 1
1.01695 0.0769231 0.697045 0.521266 1
1.06215 0.0769231 0.694822 0.521161 1
1.10734 0.0769231 0.692622 0.521054 1
1.15254 0.0769231 0.690445 0.520943 1
1.19774 0.0769231 0.68829 0.52083 1
1.24294 0.0769231 0.68616 0.520714 1
1.28814 0.0769231 0.684053 0.520596 1
1.33333 0.0769231 0.68197 0.520476 1
-1.33333 0.128205 0.820088 0.540707 1
-1.28814 0.128205 0.81803 0.540951 1
-1.24294 0.128205 0.815947 0.541192 1
-1.19774 0.128205 0.81384 0.541428 1
-1.15254 0.128205 0.81171 0.54166 1
-1.10734 0.128205 0.809555 0.541886 1
-1.06215 0.128205 0.807378 0.542107 1
-1.01695 0.128205 0.805178 0.542323 1
-0.971751 0.128205 0.802955 0.542532 1
-0.926554 0.128205 0.800711 0.542735 1
-0.881356 0.128205 0.798446 0.542931 1
-0.836158 0.128205 0.796161 0.543121 1
-0.79096 0.128205 0.793855 0.543302 1
-0.745763 0.128205 0.791531 0.543477 1
-0.700565 0.128205 0.789188 0.543643 1
-0.655367 0.128205 0.786828 0.543801 1
-0.610169 0.128205 0.784452 0.54395 1
-0.564972 0.128205 0.782059 0.54409 1
-0.519774 0.128205 0.779652 0.544221 1
-0.474576 0.128205 0.777231 0.544343 1
-0.429379 0.128205 0.774797 0.544455 1
-0.384181 0.128205 0.772352 0.544557 1
-0.338983 0.128205 0.769896 0.544649 1
-0.293785 0.128205 0.76743 0.54473 1
-0.248588 0.128205 0.764956 0.544801 1
-0.20339 0.128205 0.762474 0.544862 1
-0.158192 0.128205 0.759987 0.544911 1
-0.112994 0.128205 0.757494 0.54495 1
-0.0677966 0.128205 0.754998 0.544978 1
-0.0225989 0.128205 0.7525 0.544994 1
0.0225989 0.128205 0.75 0.545 1
0.0677966 0.128205 0.7475 0.544994 1
0.112994 0.128205 0.745002 0.544978 1
0.158192 0.128205 0.742506 0.54495 1
0.20339 0.128205 0.740013 0.544911 1
0.248588 0.128205 0.737526 0.544862 1
0.293785 0.128205 0.735044 0.544801 1
0.338983 0.128205 0.73257 0.54473 1
0.384181 0.128205 0.730104 0.544649 1
0.429379 0.128205 0.727648 0.544557 1
0.474576 0.128205 0.725203 0.544455 1
0.519774 0.128205 0.722769 0.544343 1
0.564972 0.128205 0.720348 0.544221 1
0.610169 0.128205 0.717941 0.54409 1
0.655367 0.128205 0.715548 0.54395 1
0.700565 0.128205 0.713172 0.543801 1
0.745763 0.128205 0.710812 0.543643 1
0.79096 0.128205 0.708469 0.543477 1
0.836158 0.128205 0.706145 0.543302 1
0.881356 0.128205 0.703839 0.543121 1
0.926554 0.128205 0.701554 0.542931 1
0.971751 0.128205 0.699289 0.542735 1
1.01695 0.128205 0.697045 0.542532 1
1.06215 0.128205 0.694822 0.542323 1
1.10734 0.128205 0.692622 0.542107 1
1.15254 0.128205 0.690445 0.541886 1
1.19774 0.128205 0.68829 0.54166 1
1.24294 0.128205 0.68616 0.541428 1
1.28814 0.128205 0.684053 0.541192 1
1.33333 0.128205 0.68197 0.540951 1
-1.33333 0.179487 0.820088 0.56106 1
-1.28814 0.179487 0.81803 0.561427 1
-1.24294 0.179487 0.815947 0.561788 1
-1.19774 0.179487 0.81384 0.562142 1
-1.15254 0.179487 0.81171 0.562489 1
-1.10734 0.179487 0.809555 0.562829 1
-1.06215 0.179487 0.807378 0.563161 1
-1.01695 0.179487 0.805178 0.563484 1
-0.971751 0.179487 0.802955 0.563798 1
-0.926554 0.179487 0.800711 0.564102 1
-0.881356 0.179487 0.798446 0.564397 1
-0.836158 0.179487 0.796161 0.564681 1
-0.79096 0.179487 0.793855 0.564954 1
-0.745763 0.179487 0.791531 0.565215 1
-0.700565 0.179487 0.789188 0.565464 1
-0.655367 0.179487 0.786828 0.565701 1
-0.610169 0.179487 0.784452 0.565925 1
-0.564972 0.179487 0.782059 0.566135 1
-0.519774 0.179487 0.779652 0.566332 1
-0.474576 0.179487 0.777231 0.566514 1
-0.429379 0.179487 0.774797 0.566682 1
-0.384181 0.179487 0.772352 0.566835 1
-0.338983 0.179487 0.769896 0.566973 1
-0.293785 0.179487 0.76743 0.567096 1
-0.248588 0.179487 0.764956 0.567202 1
-0.20339 0.179487 0.762474 0.567293 1
-0.158192 0.179487 0.759987 0.567367 1
-0.112994 0.179487 0.757494 0.567425 1
-0.0677966 0.179487 0.754998 0.567467 1
-0.0225989 0.179487 0.7525 0.567492 1
0.0225989 0.179487 0.75 0.5675 1
0.0677966 0.179487 0.7475 0.567492 1
0.112994 0.179487 0.745002 0.567467 1
0.158192 0.179487 0.742506 0.567425 1
0.20339 0.179487 0.740013 0.567367 1
0.248588 0.179487 0.737526 0.567293 1
0.293785 0.179487 0.735044 0.567202 1
0.338983 0.179487 0.73257 0.567096 1
0.384181 0.179487 0.730104 0.566973 1
0.429379 0.179487 0.727648 0.566835 1
0.474576 0.179487 0.725203 0.566682 1
0.519774 0.179487 0.722769 0.566514 1
0.564972 0.179487 0.720348 0.566332 1
0.610169 0.179487 0.717941 0.566135 1
0.655367 0.179487 0.715548 0.565925 1
0.700565 0.179487 0.713172 0.565701 1
0.745763 0.179487 0.710812 0.565464 1
0.79096 0.179487 0.708469 0.565215 1
0.836158 0.179487 0.706145 0.564954 1
0.881356 0.179487 0.703839 0.564681 1
0.926554 0.179487 0.701554 0.564397 1
0.971751 0.179487 0.699289 0.564102 1
1.01695 0.179487 0.697045 0.563798 1
1.06215 0.179487 0.694822 0.563484 1
1.10734 0.179487 0.692622 0.563161 1
1.15254 0.179487 0.690445 0.562829 1
1.19774 0.179487 0.68829 0.562489 1
1.24294 0.179487 0.68616 0.562142 1
1.28814 0.179487 0.684053 0.561788 1
1.33333 0.179487 0.68197 0.561427 1
-1.33333 0.230769 0.820088 0.581413 1
-1.28814 0.230769 0.81803 0.581903 1
-1.24294 0.230769 0.815947 0.582384 1
-1.19774 0.230769 0.81384 0.582856 1
-1.15254 0.230769 0.81171 0.583319 1
-1.10734 0.230769 0.809555 0.583772 1
-1.06215 0.230769 0.807378 0.584214 1
-1.01695 0.230769 0.805178 0.584645 1
-0.971751 0.230769 0.802955 0.585064 1
-0.926554 0.230769 0.800711 0.58547 1
-0.881356 0.230769 0.798446 0.585863 1
-0.836158 0.230769 0.796161 0.586241 1
-0.79096 0.230769 0.793855 0.586605 1
-0.745763 0.230769 0.791531 0.586953 1
-0.700565 0.230769 0.789188 0.587285 1
-0.655367 0.230769 0.786828 0.587601 1
-0.610169 0.230769 0.784452 0.5879 1
-0.564972 0.230769 0.782059 0.58818 1
-0.519774 0.230769 0.779652 0.588443 1
-0.474576 0.230769 0.777231 0.588686 1
-0.429379 0.230769 0.774797 0.58891 1
-0.384181 0.230769 0.772352 0.589114 1
-0.338983 0.230769 0.769896 0.589298 1
-0.293785 0.230769 0.76743 0.589461 1
-0.248588 0.230769 0.764956 0.589603 1
-0.20339 0.230769 0.762474 0.589724 1
-0.158192 0.230769 0.759987 0.589823 1
-0.112994 0.230769 0.757494 0.5899 1
-0.0677966 0.230769 0.754998 0.589956 1
-0.0225989 0.230769 0.7525 0.589989 1
0.0225989 0.230769 0.75 0.59 1
0.0677966 0.230769 0.7475 0.589989 1
0.112994 0.230769 0.745002 0.589956 1
0.158192 0.230769 0.742506 0.5899 1
0.20339 0.230769 0.740013 0.589823 1
0.248588 0.230769 0.737526 0.589724 1
0.293785 0.230769 0.735044 0.589603 1
0.338983 0.230769 0.73257 0.589461 1
0.384181 0.230769 0.730104 0.589298 1
0.429379 0.230769 0.727648 0.589114 1
0.474576 0.230769 0.725203 0.58891 1
0.519774 0.230769 0.722769 0.588686 1
0.564972 0.230769 0.720348 0.588443 1
0.610169 0.230769 0.717941 0.58818 1
0.655367 0.230769 0.715548 0.5879 1
0.700565 0.230769 0.713172 0.587601 1
0.745763 0.230769 0.710812 0.587285 1
0.79096 0.230769 0.708469 0.586953 1
0.836158 0.230769 0.706145 0.586605 1
0.881356 0.230769 0.703839 0.586241 1
0.926554 0.230769 0.701554 0.585863 1
0.971751 0.230769 0.699289 0.58547 1
1.01695 0.230769 0.697045 0.585064 1
1.06215 0.230769 0.694822 0.584645 1
1.10734 0.230769 0.692622 0.584214 1
1.15254 0.230769 0.690445 0.583772 1
1.19774 0.230769 0.68829 0.583319 1
1.24294 0.230769 0.68616 0.582856 1
1.28814 0.230769 0.684053 0.582384 1
1.33333 0.230769 0.68197 0.581903 1
-1.33333 0.282051 0.820088 0.601767 1
-1.28814 0.282051 0.81803 0.602378 1
-1.24294 0.282051 0.815947 0.60298 1
-1.19774 0.282051 0.81384 0.60357 1
-1.15254 0.282051 0.81171 0.604149 1
-1.10734 0.282051 0.809555 0.604715 1
-1.06215 0.282051 0.807378 0.605268 1
-1.01695 0.282051 0.805178 0.605806 1
-0.971751 0.282051 0.802955 0.60633 1
-0.926554 0.282051 0.800711 0.606837 1
-0.881356 0.282051 0.798446 0.607328 1
-0.836158 0.282051 0.796161 0.607801 1
-0.79096 0.282051 0.793855 0.608256 1
-0.745763 0.282051 0.791531 0.608691 1
-0.700565 0.282051 0.789188 0.609107 1
-0.655367 0.282051 0.786828 0.609501 1
-0.610169 0.282051 0.784452 0.609875 1
-0.564972 0.282051 0.782059 0.610225 1
-0.519774 0.282051 0.779652 0.610553 1
-0.474576 0.282051 0.777231 0.610857 1
-0.429379 0.282051 0.774797 0.611137 1
-0.384181 0.282051 0.772352 0.611392 1
-0.338983 0.282051 0.769896 0.611622 1
-0.293785 0.282051 0.76743 0.611826 1
-0.248588 0.282051 0.764956 0.612004 1
-0.20339 0.282051 0.762474 0.612155 1
-0.158192 0.282051 0.759987 0.612279 1
-0.112994 0.282051 0.757494 0.612375 1
-0.0677966 0.282051 0.754998 0.612445 1
-0.0225989 0.282051 0.7525 0.612486 1
0.0225989 0.282051 0.75 0.6125 1
0.0677966 0.282051 0.7475 0.612486 1
0.112994 0.282051 0.745002 0.612445 1
0.158192 0.282051 0.742506 0.612375 1
0.20339 0.282051 0.740013 0.612279 1
0.248588 0.282051 0.737526 0.612155 1
0.293785 0.282051 0.735044 0.612004 1
0.338983 0.282051 0.73257 0.611826 1
0.384181 0.282051 0.730104 0.611622 1
0.429379 0.282051 0.727648 0.611392 1
0.474576 0.282051 0.725203 0.611137 1
0.519774 0.282051 0.722769 0.610857 1
0.564972 0.282051 0.720348 0.610553 1
0.610169 0.282051 0.717941 0.610225 1
0.655367 0.282051 0.715548 0.609875 1
0.700565 0.282051 0.713172 0.609501 1
0.745763 0.282051 0.710812 0.609107 1
0.79096 0.282051 0.708469 0.608691 1
0.836158 0.282051 0.706145 0.608256 1
0.881356 0.282051 0.703839 0.607801 1
0.926554 0.282051 0.701554 0.607328 1
0.971751 0.282051 0.699289 0.606837 1
1.01695 0.282051 0.697045 0.60633 1
1.06215 0.282051 0.694822 0.605806 1
1.10734 0.282051 0.692622 0.605268 1
1.15254 0.282051 0.690445 0.604715 1
1.19774 0.282051 0.68829 0.604149 1
1.24294 0.282051 0.68616 0.60357 1
1.28814 0.282051 0.684053 0.60298 1
1.33333 0.282051 0.68197 0.602378 1
-1.33333 0.333333 0.820088 0.62212 1
-1.28814 0.333333 0.81803 0.622854 1
-1.24294 0.333333 0.815947 0.623576 1
-1.19774 0.333333 0.81384 0.624284 1
-1.15254 0.333333 0.81171 0.624979 1
-1.10734 0.333333 0.809555 0.625658 1
-1.06215 0.333333 0.807378 0.626322 1
-1.01695 0.333333 0.805178 0.626968 1
-0.971751 0.333333 0.802955 0.627596 1
-0.926554 0.333333 0.800711 0.628205 1
-0.881356 0.333333 0.798446 0.628794 1
-0.836158 0.333333 0.796161 0.629362 1
-0.79096 0.333333 0.793855 0.629907 1
-0.745763 0.333333 0.791531 0.63043 1
-0.700565 0.333333 0.789188 0.630928 1
-0.655367 0.333333 0.786828 0.631402 1
-0.610169 0.333333 0.784452 0.631849 1
-0.564972 0.333333 0.782059 0.63227 1
-0.519774 0.333333 0.779652 0.632664 1
-0.474576 0.333333 0.777231 0.633029 1
-0.429379 0.333333 0.774797 0.633365 1
-0.384181 0.333333 0.772352 0.633671 1
-0.338983 0.333333 0.769896 0.633947 1
-0.293785 0.333333 0.76743 0.634191 1
-0.248588 0.333333 0.764956 0.634404 1
-0.20339 0.333333 0.762474 0.634586 1
-0.158192 0.333333 0.759987 0.634734 1
-0.112994 0.333333 0.757494 0.63485 1
-0.0677966 0.333333 0.754998 0.634933 1
-0.0225989 0.333333 0.7525 0.634983 1
0.0225989 0.333333 0.75 0.635 1
0.0677966 0.333333 0.7475 0.634983 1
0.112994 0.333333 0.745002 0.634933 1
0.158192 0.333333 0.742506 0.63485 1
0.20339 0.333333 0.740013 0.634734 1
0.248588 0.333333 0.737526 0.634586 1
0.293785 0.333333 0.735044 0.634404 1
0.338983 0.333333 0.73257 0.634191 1
0.384181 0.333333 0.730104 0.633947 1
0.429379 0.333333 0.727648 0.633671 1
0.474576 0.333333 0.725203 0.633365 1
0.519774 0.333333 0.722769 0.633029 1
0.564972 0.333333 0.720348 0.632664 1
0.610169 0.333333 0.717941 0.63227 1
0.655367 0.333333 0.715548 0.631849 1
0.700565 0.333333 0.713172 0.631402 1
0.745763 0.333333 0.710812 0.630928 1
0.79096 0.333333 0.708469 0.63043 1
0.836158 0.333333 0.706145 0.629907 1
0.881356 0.333333 0.703839 0.629362 1
0.926554 0.333333 0.701554 0.628794 1
0.971751 0.333333 0.699289 0.628205 1
1.01695 0.333333 0.697045 0.627596 1
1.06215 0.333333 0.694822 0.626968 1
1.10734 0.333333 0.692622 0.626322 1
1.15254 0.333333 0.690445 0.625658 1
1.19774 0.333333 0.68829 0.624979 1
1.24294 0.333333 0.68616 0.624284 1
1.28814 0.333333 0.684053 0.623576 1
1.33333 0.333333 0.68197 0.622854 1
-1.33333 0.384615 0.820088 0.642473 1
-1.28814 0.384615 0.81803 0.643329 1
-1.24294 0.384615 0.815947 0.644172 1
-1.19774 0.384615 0.81384 0.644998 1
-1.15254 0.384615 0.81171 0.645809 1
-1.10734 0.384615 0.809555 0.646601 1
-1.06215 0.384615 0.807378 0.647375 1
-1.01695 0.384615 0.805178 0.648129 1
-0.971751 0.384615 0.802955 0.648862 1
-0.926554 0.384615 0.800711 0.649572 1
-0.881356 0.384615 0.798446 0.650259 1
-0.836158 0.384615 0.796161 0.650922 1
-0.79096 0.384615 0.793855 0.651558 1
-0.745763 0.384615 0.791531 0.652168 1
-0.700565 0.384615 0.789188 0.65275 1
-0.655367 0.384615 0.786828 0.653302 1
-0.610169 0.384615 0.784452 0.653824 1
-0.564972 0.384615 0.782059 0.654315 1
-0.519774 0.384615 0.779652 0.654774 1
-0.474576 0.384615 0.777231 0.6552 1
-0.429379 0.384615 0.774797 0.655592 1
-0.384181 0.384615 0.772352 0.655949 1
-0.338983 0.384615 0.769896 0.656271 1
-0.293785 0.384615 0.76743 0.656556 1
-0.248588 0.384615 0.764956 0.656805 1
-0.20339 0.384615 0.762474 0.657016 1
-0.158192 0.384615 0.759987 0.65719 1
-0.112994 0.384615 0.757494 0.657325 1
-0.0677966 0.384615 0.754998 0.657422 1
-0.0225989 0.384615 0.7525 0.657481 1
0.0225989 0.384615 0.75 0.6575 1
0.0677966 0.384615 0.7475 0.657481 1
0.112994 0.384615 0.745002 0.657422 1
0.158192 0.384615 0.742506 0.657325 1
0.20339 0.384615 0.740013 0.65719 1
0.248588 0.384615 0.737526 0.657016 1
0.293785 0.384615 0.735044 0.656805 1
0.338983 0.384615 0.73257 0.656556 1
0.384181 0.384615 0.730104 0.656271 1
0.429379 0.384615 0.727648 0.655949 1
0.474576 0.384615 0.725203 0.655592 1
0.519774 0.384615 0.722769 0.6552 1
0.564972 0.384615 0.720348 0.654774 1
0.610169 0.384615 0.717941 0.654315 1
0.655367 0.384615 0.715548 0.653824 1
0.700565 0.384615 0.713172 0.653302 1
0.745763 0.384615 0.710812 0.65275 1
0.79096 0.384615 0.708469 0.652168 1
0.836158 0.384615 0.706145 0.651558 1
0.881356 0.384615 0.703839 0.650922 1
0.926554 0.384615 0.701554 0.650259 1
0.971751 0.384615 0.699289 0.649572 1
1.01695 0.384615 0.697045 0.648862 1
1.06215 0.384615 0.694822 0.648129 1
1.10734 0.384615 0.692622 0.647375 1
1.15254 0.384615 0.690445 0.646601 1
1.19774 0.384615 0.68829 0.645809 1
1.24294 0.384615 0.68616 0.644998 1
1.28814 0.384615 0.684053 0.644172 1
1.33333 0.384615 0.68197 0.643329 1
-1.33333 0.435897 0.820088 0.662827 1
-1.28814 0.435897 0.81803 0.663805 1
-1.24294 0.435897 0.815947 0.664767 1
-1.19774 0.435897 0.81384 0.665712 1
-1.15254 0.435897 0.81171 0.666638 1
-1.10734 0.435897 0.809555 0.667544 1
-1.06215 0.435897 0.807378 0.668429 1
-1.01695 0.435897 0.805178 0.66929 1
-0.971751 0.435897 0.802955 0.670128 1
-0.926554 0.435897 0.800711 0.67094 1
-0.881356 0.435897 0.798446 0.671725 1
-0.836158 0.435897 0.796161 0.672482 1
-0.79096 0.435897 0.793855 0.67321 1
-0.745763 0.435897 0.791531 0.673906 1
-0.700565 0.435897 0.789188 0.674571 1
-0.655367 0.435897 0.786828 0.675202 1
-0.610169 0.435897 0.784452 0.675799 1
-0.564972 0.435897 0.782059 0.676361 1
-0.519774 0.435897 0.779652 0.676885 1
-0.474576 0.435897 0.777231 0.677372 1
-0.429379 0.435897 0.774797 0.67782 1
-0.384181 0.435897 0.772352 0.678228 1
-0.338983 0.435897 0.769896 0.678595 1
-0.293785 0.435897 0.76743 0.678922 1
-0.248588 0.435897 0.764956 0.679206 1
-0.20339 0.435897 0.762474 0.679447 1
-0.158192 0.435897 0.759987 0.679646 1
-0.112994 0.435897 0.757494 0.6798 1
-0.0677966 0.435897 0.754998 0.679911 1
-0.0225989 0.435897 0.7525 0.679978 1
0.0225989 0.435897 0.75 0.68 1
0.0677966 0.435897 0.7475 0.679978 1
0.112994 0.435897 0.745002 0.679911 1
0.158192 0.435897 0.742506 0.6798 1
0.20339 0.435897 0.740013 0.679646 1
0.248588 0.435897 0.737526 0.679447 1
0.293785 0.435897 0.735044 0.679206 1
0.338983 0.435897 0.73257 0.678922 1
0.384181 0.435897 0.730104 0.678595 1
0.429379 0.435897 0.727648 0.678228 1
0.474576 0.435897 0.725203 0.67782 1
0.519774 0.435897 0.722769 0.677372 1
0.564972 0.435897 0.720348 0.676885 1
0.610169 0.435897 0.717941 0.676361 1
0.655367 0.435897 0.715548 0.675799 1
0.700565 0.435897 0.713172 0.675202 1
0.745763 0.435897 0.710812 0.674571 1
0.79096 0.435897 0.708469 0.673906 1
0.836158 0.435897 0.706145 0.67321 1
0.881356 0.435897 0.703839 0.672482 1
0.926554 0.435897 0.701554 0.671725 1
0.971751 0.435897 0.699289 0.67094 1
1.01695 0.435897 0.697045 0.670128 1
1.06215 0.435897 0.694822 0.66929 1
1.10734 0.435897 0.692622 0.668429 1
1.15254 0.435897 0.690445 0.667544 1
1.19774 0.435897 0.68829 0.666638 1
1.24294 0.435897 0.68616 0.665712 1
1.28814 0.435897 0.684053 0.664767 1
1.33333 0.435897 0.68197 0.663805 1
-1.33333 0.487179 0.820088 0.68318 1
-1.28814 0.487179 0.81803 0.684281 1
-1.24294 0.487179 0.815947 0.685363 1
-1.19774 0.487179 0.81384 0.686426 1
-1.15254 0.487179 0.81171 0.687468 1
-1.10734 0.487179 0.809555 0.688487 1
-1.06215 0.487179 0.807378 0.689482 1
-1.01695 0.487179 0.805178 0.690452 1
-0.971751 0.487179 0.802955 0.691394 1
-0.926554 0.487179 0.800711 0.692307 1
-0.881356 0.487179 0.798446 0.693191 1
-0.836158 0.487179 0.796161 0.694042 1
-0.79096 0.487179 0.793855 0.694861 1
-0.745763 0.487179 0.791531 0.695645 1
-0.700565 0.487179 0.789188 0.696392 1
-0.655367 0.487179 0.786828 0.697103 1
-0.610169 0.487179 0.784452 0.697774 1
-0.564972 0.487179 0.782059 0.698406 1
-0.519774 0.487179 0.779652 0.698996 1
-0.474576 0.487179 0.777231 0.699543 1
-0.429379 0.487179 0.774797 0.700047 1
-0.384181 0.487179 0.772352 0.700506 1
-0.338983 0.487179 0.769896 0.70092 1
-0.293785 0.487179 0.76743 0.701287 1
-0.248588 0.487179 0.764956 0.701607 1
-0.20339 0.487179 0.762474 0.701878 1
-0.158192 0.487179 0.759987 0.702101 1
-0.112994 0.487179 0.757494 0.702276 1
-0.0677966 0.487179 0.754998 0.7024 1
-0.0225989 0.487179 0.7525 0.702475 1
0.0225989 0.487179 0.75 0.7025 1
0.0677966 0.487179 0.7475 0.702475 1
0.112994 0.487179 0.745002 0.7024 1
0.158192 0.487179 0.742506 0.702276 1
0.20339 0.487179 0.740013 0.702101 1
0.248588 0.487179 0.737526 0.701878 1
0.293785 0.487179 0.735044 0.701607 1
0.338983 0.487179 0.73257 0.701287 1
0.384181 0.487179 0.730104 0.70092 1
0.429379 0.487179 0.727648 0.700506 1
0.474576 0.487179 0.725203 0.700047 1
0.519774 0.487179 0.722769 0.699543 1
0.564972 0.487179 0.720348 0.698996 1
0.610169 0.487179 0.717941 0.698406 1
0.655367 0.487179 0.715548 0.697774 1
0.700565 0.487179 0.713172 0.697103 1
0.745763 0.487179 0.710812 0.696392 1
0.79096 0.487179 0.708469 0.695645 1
0.836158 0.487179 0.706145 0.694861 1
0.881356 0.487179 0.703839 0.694042 1
0.926554 0.487179 0.701554 0.693191 1
0.971751 0.487179 0.699289 0.692307 1
1.01695 0.487179 0.697045 0.691394 1
1.06215 0.487179 0.694822 0.690452 1
1.10734 0.487179 0.692622 0.689482 1
1.15254 0.487179 0.690445 0.688487 1
1.19774 0.487179 0.68829 0.687468 1
1.24294 0.487179 0.68616 0.686426 1
1.28814 0.487179 0.684053 0.685363 1
1.33333 0.487179 0.68197 0.684281 1
-1.33333 0.538462 0.820088 0.703533 1
-1.28814 0.538462 0.81803 0.704756 1
-1.24294 0.538462 0.815947 0.705959 1
-1.19774 0.538462 0.81384 0.70714 1
-1.15254 0.538462 0.81171 0.708298 1
-1.10734 0.538462 0.809555 0.70943 1
-1.06215 0.538462 0.807378 0.710536 1
-1.01695 0.538462 0.805178 0.711613 1
-0.971751 0.538462 0.802955 0.71266 1
-0.926554 0.538462 0.800711 0.713675 1
-0.881356 0.538462 0.798446 0.714656 1
-0.836158 0.538462 0.796161 0.715603 1
-0.79096 0.538462 0.793855 0.716512 1
-0.745763 0.538462 0.791531 0.717383 1
-0.700565 0.538462 0.789188 0.718214 1
-0.655367 0.538462 0.786828 0.719003 1
-0.610169 0.538462 0.784452 0.719749 1
-0.564972 0.538462 0.782059 0.720451 1
-0.519774 0.538462 0.779652 0.721106 1
-0.474576 0.538462 0.777231 0.721715 1
-0.429379 0.538462 0.774797 0.722275 1
-0.384181 0.538462 0.772352 0.722785 1
-0.338983 0.538462 0.769896 0.723244 1
-0.293785 0.538462 0.76743 0.723652 1
-0.248588 0.538462 0.764956 0.724007 1
-0.20339 0.538462 0.762474 0.724309 1
-0.158192 0.538462 0.759987 0.724557 1
-0.112994 0.538462 0.757494 0.724751 1
-0.0677966 0.538462 0.754998 0.724889 1
-0.0225989 0.538462 0.7525 0.724972 1
0.0225989 0.538462 0.75 0.725 1
0.0677966 0.538462 0.7475 0.724972 1
0.112994 0.538462 0.745002 0.724889 1
0.158192 0.538462 0.742506 0.724751 1
0.20339 0.538462 0.740013 0.724557 1
0.248588 0.538462 0.737526 0.724309 1
0.293785 0.538462 0.735044 0.724007 1
0.338983 0.538462 0.73257 0.723652 1
0.384181 0.538462 0.730104 0.723244 1
0.429379 0.538462 0.727648 0.722785 1
0.474576 0.538462 0.725203 0.722275 1
0.519774 0.538462 0.722769 0.721715 1
0.564972 0.538462 0.720348 0.721106 1
0.610169 0.538462 0.717941 0.720451 1
0.655367 0.538462 0.715548 0.719749 1
0.700565 0.538462 0.713172 0.719003 1
0.745763 0.538462 0.710812 0.718214 1
0.79096 0.538462 0.708469 0.717383 1
0.836158 0.538462 0.706145 0.716512 1
0.881356 0.538462 0.703839 0.715603 1
0.926554 0.538462 0.701554 0.714656 1
0.971751 0.538462 0.699289 0.713675 1
1.01695 0.538462 0.697045 0.71266 1
1.06215 0.538462 0.694822 0.711613 1
1.10734 0.538462 0.692622 0.710536 1
1.15254 0.538462 0.690445 0.70943 1
1.19774 0.538462 0.68829 0.708298 1
1.24294 0.538462 0.68616 0.70714 1
1.28814 0.538462 0.684053 0.705959 1
1.33333 0.538462 0.68197 0.704756 1
-1.33333 0.589744 0.820088 0.723886 1
-1.28814 0.589744 0.81803 0.725232 1
-1.24294 0.589744 0.815947 0.726555 1
-1.19774 0.589744 0.81384 0.727854 1
-1.15254 0.589744 0.81171 0.729128 1
-1.10734 0.589744 0.809555 0.730373 1
-1.06215 0.589744 0.807378 0.73159 1
-1.01695 0.589744 0.805178 0.732774 1
-0.971751 0.589744 0.802955 0.733926 1
-0.926554 0.589744 0.800711 0.735042 1
-0.881356 0.589744 0.798446 0.736122 1
-0.836158 0.589744 0.796161 0.737163 1
-0.79096 0.589744 0.793855 0.738163 1
-0.745763 0.589744 0.791531 0.739121 1
-0.700565 0.589744 0.789188 0.740035 1
-0.655367 0.589744 0.786828 0.740903 1
-0.610169 0.589744 0.784452 0.741724 1
-0.564972 0.589744 0.782059 0.742496 1
-0.519774 0.589744 0.779652 0.743217 1
-0.474576 0.589744 0.777231 0.743886 1
-0.429379 0.589744 0.774797 0.744502 1
-0.384181 0.589744 0.772352 0.745063 1
-0.338983 0.589744 0.769896 0.745569 1
-0.293785 0.589744 0.76743 0.746017 1
-0.248588 0.589744 0.764956 0.746408 1
-0.20339 0.589744 0.762474 0.74674 1
-0.158192 0.589744 0.759987 0.747013 1
-0.112994 0.589744 0.757494 0.747226 1
-0.0677966 0.589744 0.754998 0.747378 1
-0.0225989 0.589744 0.7525 0.747469 1
0.0225989 0.589744 0.75 0.7475 1
0.0677966 0.589744 0.7475 0.747469 1
0.112994 0.589744 0.745002 0.747378 1
0.158192 0.589744 0.742506 0.747226 1
0.20339 0.589744 0.740013 0.747013 1
0.248588 0.589744 0.737526 0.74674 1
0.293785 0.589744 0.735044 0.746408 1
0.338983 0.589744 0.73257 0.746017 1
0.384181 0.589744 0.730104 0.745569 1
0.429379 0.589744 0.727648 0.745063 1
0.474576 0.589744 0.725203 0.744502 1
0.519774 0.589744 0.722769 0.743886 1
0.564972 0.589744 0.720348 0.743217 1
0.610169 0.589744 0.717941 0.742496 1
0.655367 0.589744 0.715548 0.741724 1
0.700565 0.589744 0.713172 0.740903 1
0.745763 0.589744 0.710812 0.740035 1
0.79096 0.589744 0.708469 0.739121 1
0.836158 0.589744 0.706145 0.738163 1
0.881356 0.589744 0.703839 0.737163 1
0.926554 0.589744 0.701554 0.736122 1
0.971751 0.589744 0.699289 0.735042 1
1.01695 0.589744 0.697045 0.733926 1
1.06215 0.589744 0.694822 0.732774 1
1.10734 0.589744 0.692622 0.73159 1
1.15254 0.589744 0.690445 0.730373 1
1.19774 0.589744 0.68829 0.729128 1
1.24294 0.589744 0.68616 0.727854 1
1.28814 0.589744 0.684053 0.726555 1
1.33333 0.589744 0.68197 0.725232 1
-1.33333 0.641026 0.820088 0.74424 1
-1.28814 0.641026 0.81803 0.745708 1
-1.24294 0.641026 0.815947 0.747151 1
-1.19774 0.641026 0.81384 0.748568 1
-1.15254 0.641026 0.81171 0.749958 1
-1.10734 0.641026 0.809555 0.751316 1
-1.06215 0.641026 0.807378 0.752643 1
-1.01695 0.641026 0.805178 0.753936 1
-0.971751 0.641026 0.802955 0.755192 1
-0.926554 0.641026 0.800711 0.75641 1
-0.881356 0.641026 0.798446 0.757588 1
-0.836158 0.641026 0.796161 0.758723 1
-0.79096 0.641026 0.793855 0.759814 1
-0.745763 0.641026 0.791531 0.760859 1
-0.700565 0.641026 0.789188 0.761856 1
-0.655367 0.641026 0.786828 0.762804 1
-0.610169 0.641026 0.784452 0.763699 1
-0.564972 0.641026 0.782059 0.764541 1
-0.519774 0.641026 0.779652 0.765328 1
-0.474576 0.641026 0.777231 0.766058 1
-0.429379 0.641026 0.774797 0.766729 1
-0.384181 0.641026 0.772352 0.767342 1
-0.338983 0.641026 0.769896 0.767893 1
-0.293785 0.641026 0.76743 0.768382 1
-0.248588 0.641026 0.764956 0.768809 1
-0.20339 0.641026 0.762474 0.769171 1
-0.158192 0.641026 0.759987 0.769469 1
-0.112994 0.641026 0.757494 0.769701 1
-0.0677966 0.641026 0.754998 0.769867 1
-0.0225989 0.641026 0.7525 0.769967 1
0.0225989 0.641026 0.75 0.77 1
0.0677966 0.641026 0.7475 0.769967 1
0.112994 0.641026 0.745002 0.769867 1
0.158192 0.641026 0.742506 0.769701 1
0.20339 0.641026 0.740013 0.769469 1
0.248588 0.641026 0.737526 0.769171 1
0.293785 0.641026 0.735044 0.768809 1
0.338983 0.641026 0.73257 0.768382 1
0.384181 0.641026 0.730104 0.767893 1
0.429379 0.641026 0.727648 0.767342 1
0.474576 0.641026 0.725203 0.766729 1
0.519774 0.641026 0.722769 0.766058 1
0.564972 0.641026 0.720348 0.765328 1
0.610169 0.641026 0.717941 0.764541 1
0.655367 0.641026 0.715548 0.763699 1
0.700565 0.641026 0.713172 0.762804 1
0.745763 0.641026 0.710812 0.761856 1
0.79096 0.641026 0.708469 0.760859 1
0.836158 0.641026 0.706145 0.759814 1
0.881356 0.641026 0.703839 0.758723 1
0.926554 0.641026 0.701554 0.757588 1
0.971751 0.641026 0.699289 0.75641 1
1.01695 0.641026 0.697045 0.755192 1
1.06215 0.641026 0.694822 0.753936 1
1.10734 0.641026 0.692622 0.752643 1
1.15254 0.641026 0.690445 0.751316 1
1.19774 0.641026 0.68829 0.749958 1
1.24294 0.641026 0.68616 0.748568 1
1.28814 0.641026 0.684053 0.747151 1
1.33333 0.641026 0.68197 0.745708 1
-1.33333 0.692308 0.820088 0.764593 1
-1.28814 0.692308 0.81803 0.766183 1
-1.24294 0.692308 0.815947 0.767747 1
-1.19774 0.692308 0.81384 0.769283 1
-1.15254 0.692308 0.81171 0.770787 1
-1.10734 0.692308 0.809555 0.772259 1
-1.06215 0.692308 0.807378 0.773697 1
-1.01695 0.692308 0.805178 0.775097 1
-0.971751 0.692308 0.802955 0.776458 1
-0.926554 0.692308 0.800711 0.777777 1
-0.881356 0.692308 0.798446 0.779053 1
-0.836158 0.692308 0.796161 0.780283 1
-0.79096 0.692308 0.793855 0.781466 1
-0.745763 0.692308 0.791531 0.782598 1
-0.700565 0.692308 0.789188 0.783678 1
-0.655367 0.692308 0.786828 0.784704 1
-0.610169 0.692308 0.784452 0.785674 1
-0.564972 0.692308 0.782059 0.786586 1
-0.519774 0.692308 0.779652 0.787438 1
-0.474576 0.692308 0.777231 0.788229 1
-0.429379 0.692308 0.774797 0.788957 1
-0.384181 0.692308 0.772352 0.78962 1
-0.338983 0.692308 0.769896 0.790218 1
-0.293785 0.692308 0.76743 0.790748 1
-0.248588 0.692308 0.764956 0.79121 1
-0.20339 0.692308 0.762474 0.791602 1
-0.158192 0.692308 0.759987 0.791924 1
-0.112994 0.692308 0.757494 0.792176 1
-0.0677966 0.692308 0.754998 0.792356 1
-0.0225989 0.692308 0.7525 0.792464 1
0.0225989 0.692308 0.75 0.7925 1
0.0677966 0.692308 0.7475 0.792464 1
0.112994 0.692308 0.745002 0.792356 1
0.158192 0.692308 0.742506 0.792176 1
0.20339 0.692308 0.740013 0.791924 1
0.248588 0.692308 0.737526 0.791602 1
0.293785 0.692308 0.735044 0.79121 1
0.338983 0.692308 0.73257 0.790748 1
0.384181 0.692308 0.730104 0.790218 1
0.429379 0.692308 0.727648 0.78962 1
0.474576 0.692308 0.725203 0.788957 1
0.519774 0.692308 0.722769 0.788229 1
0.564972 0.692308 0.720348 0.787438 1
0.610169 0.692308 0.717941 0.786586 1
0.655367 0.692308 0.715548 0.785674 1
0.700565 0.692308 0.713172 0.784704 1
0.745763 0.692308 0.710812 0.783678 1
0.79096 0.692308 0.708469 0.782598 1
0.836158 0.692308 0.706145 0.781466 1
0.881356 0.692308 0.703839 0.780283 1
0.926554 0.692308 0.701554 0.779053 1
0.971751 0.692308 0.699289 0.777777 1
1.01695 0.692308 0.697045 0.776458 1
1.06215 0.692308 0.694822 0.775097 1
1.10734 0.692308 0.692622 0.773697 1
1.15254 0.692308 0.690445 0.772259 1
1.19774 0.692308 0.68829 0.770787 1
1.24294 0.692308 0.68616 0.769283 1
1.28814 0.692308 0.684053 0.767747 1
1.33333 0.692308 0.68197 0.766183 1
-1.33333 0.74359 0.820088 0.784946 1
-1.28814 0.74359 0.81803 0.786659 1
-1.24294 0.74359 0.815947 0.788343 1
-1.19774 0.74359 0.81384 0.789997 1
-1.15254 0.74359 0.81171 0.791617 1
-1.10734 0.74359 0.809555 0.793202 1
-1.06215 0.74359 0.807378 0.79475 1
-1.01695 0.74359 0.805178 0.796258 1
-0.971751 0.74359 0.802955 0.797724 1
-0.926554 0.74359 0.800711 0.799145 1
-0.881356 0.74359 0.798446 0.800519 1
-0.836158 0.74359 0.796161 0.801844 1
-0.79096 0.74359 0.793855 0.803117 1
-0.745763 0.74359 0.791531 0.804336 1
-0.700565 0.74359 0.789188 0.805499 1
-0.655367 0.74359 0.786828 0.806604 1
-0.610169 0.74359 0.784452 0.807649 1
-0.564972 0.74359 0.782059 0.808631 1
-0.519774 0.74359 0.779652 0.809549 1
-0.474576 0.74359 0.777231 0.8104 1
-0.429379 0.74359 0.774797 0.811184 1
-0.384181 0.74359 0.772352 0.811899 1
-0.338983 0.74359 0.769896 0.812542 1
-0.293785 0.74359 0.76743 0.813113 1
-0.248588 0.74359 0.764956 0.81361 1
-0.20339 0.74359 0.762474 0.814033 1
-0.158192 0.74359 0.759987 0.81438 1
-0.112994 0.74359 0.757494 0.814651 1
-0.0677966 0.74359 0.754998 0.814845 1
-0.0225989 0.74359 0.7525 0.814961 1
0.0225989 0.74359 0.75 0.815 1
0.0677966 0.74359 0.7475 0.814961 1
0.112994 0.74359 0.745002 0.814845 1
0.158192 0.74359 0.742506 0.814651 1
0.20339 0.74359 0.740013 0.81438 1
0.248588 0.74359 0.737526 0.814033 1
0.293785 0.74359 0.735044 0.81361 1
0.338983 0.74359 0.73257 0.813113 1
0.384181 0.74359 0.730104 0.812542 1
0.429379 0.74359 0.727648 0.811899 1
0.474576 0.74359 0.725203 0.811184 1
0.519774 0.74359 0.722769 0.8104 1
0.564972 0.74359 0.720348 0.809549 1
0.610169 0.74359 0.717941 0.808631 1
0.655367 0.74359 0.715548 0.807649 1
0.700565 0.74359 0.713172 0.806604 1
0.745763 0.74359 0.710812 0.805499 1
0.79096 0.74359 0.708469 0.804336 1
0.836158 0.74359 0.706145 0.803117 1
0.881356 0.74359 0.703839 0.801844 1
0.926554 0.74359 0.701554 0.800519 1
0.971751 0.74359 0.699289 0.799145 1
1.01695 0.74359 0.697045 0.797724 1
1.06215 0.74359 0.694822 0.796258 1
1.10734 0.74359 0.692622 0.79475 1
1.15254 0.74359 0.690445 0.793202 1
1.19774 0.74359 0.68829 0.791617 1
1.24294 0.74359 0.68616 0.789997 1
1.28814 0.74359 0.684053 0.788343 1
1.33333 0.74359 0.68197 0.786659 1
-1.33333 0.794872 0.820088 0.8053 1
-1.28814 0.794872 0.81803 0.807135 1
-1.24294 0.794872 0.815947 0.808939 1
-1.19774 0.794872 0.81384 0.810711 1
-1.15254 0.794872 0.81171 0.812447 1
-1.10734 0.794872 0.809555 0.814146 1
-1.06215 0.794872 0.807378 0.815804 1
-1.01695 0.794872 0.805178 0.817419 1
-0.971751 0.794872 0.802955 0.81899 1
-0.926554 0.794872 0.800711 0.820512 1
-0.881356 0.794872 0.798446 0.821985 1
-0.836158 0.794872 0.796161 0.823404 1
-0.79096 0.794872 0.793855 0.824768 1
-0.745763 0.794872 0.791531 0.826074 1
-0.700565 0.794872 0.789188 0.827321 1
-0.655367 0.794872 0.786828 0.828504 1
-0.610169 0.794872 0.784452 0.829624 1
-0.564972 0.794872 0.782059 0.830676 1
-0.519774 0.794872 0.779652 0.831659 1
-0.474576 0.794872 0.777231 0.832572 1
-0.429379 0.794872 0.774797 0.833412 1
-0.384181 0.794872 0.772352 0.834177 1
-0.338983 0.794872 0.769896 0.834866 1
-0.293785 0.794872 0.76743 0.835478 1
-0.248588 0.794872 0.764956 0.836011 1
-0.20339 0.794872 0.762474 0.836464 1
-0.158192 0.794872 0.759987 0.836836 1
-0.112994 0.794872 0.757494 0.837126 1
-0.0677966 0.794872 0.754998 0.837334 1
-0.0225989 0.794872 0.7525 0.837458 1
0.0225989 0.794872 0.75 0.8375 1
0.0677966 0.794872 0.7475 0.837458 1
0.112994 0.794872 0.745002 0.837334 1
0.158192 0.794872 0.742506 0.837126 1
0.20339 0.794872 0.740013 0.836836 1
0.248588 0.794872 0.737526 0.836464 1
0.293785 0.794872 0.735044 0.836011 1
0.338983 0.794872 0.73257 0.835478 1
0.384181 0.794872 0.730104 0.834866 1
0.429379 0.794872 0.727648 0.834177 1
0.474576 0.794872 0.725203 0.833412 1
0.519774 0.794872 0.722769 0.832572 1
0.564972 0.794872 0.720348 0.831659 1
0.610169 0.794872 0.717941 0.830676 1
0.655367 0.794872 0.715548 0.829624 1
0.700565 0.794872 0.713172 0.828504 1
0.745763 0.794872 0.710812 0.827321 1
0.79096 0.794872 0.708469 0.826074 1
0.836158 0.794872 0.706145 0.824768 1
0.881356 0.794872 0.703839 0.823404 1
0.926554 0.794872 0.701554 0.821985 1
0.971751 0.794872 0.699289 0.820512 1
1.01695 0.794872 0.697045 0.81899 1
1.06215 0.794872 0.694822 0.817419 1
1.10734 0.794872 0.692622 0.815804 1
1.15254 0.794872 0.690445 0.814146 1
1.19774 0.794872 0.68829 0.812447 1
1.24294 0.794872 0.68616 0.810711 1
1.28814 0.794872 0.684053 0.808939 1
1.33333 0.794872 0.68197 0.807135 1
-1.33333 0.846154 0.820088 0.825653 1
-1.28814 0.846154 0.81803 0.82761 1
-1.24294 0.846154 0.815947 0.829535 1
-1.19774 0.846154 0.81384 0.831425 1
-1.15254 0.846154 0.81171 0.833277 1
-1.10734 0.846154 0.809555 0.835089 1
-1.06215 0.846154 0.807378 0.836857 1
-1.01695 0.846154 0.805178 0.838581 1
-0.971751 0.846154 0.802955 0.840256 1
-0.926554 0.846154 0.800711 0.84188 1
-0.881356 0.846154 0.798446 0.84345 1
-0.836158 0.846154 0.796161 0.844964 1
-0.79096 0.846154 0.793855 0.846419 1
-0.745763 0.846154 0.791531 0.847813 1
-0.700565 0.846154 0.789188 0.849142 1
-0.655367 0.846154 0.786828 0.850405 1
-0.610169 0.846154 0.784452 0.851599 1
-0.564972 0.846154 0.782059 0.852721 1
-0.519774 0.846154 0.779652 0.85377 1
-0.474576 0.846154 0.777231 0.854743 1
-0.429379 0.846154 0.774797 0.855639 1
-0.384181 0.846154 0.772352 0.856456 1
-0.338983 0.846154 0.769896 0.857191 1
-0.293785 0.846154 0.76743 0.857843 1
-0.248588 0.846154 0.764956 0.858412 1
-0.20339 0.846154 0.762474 0.858895 1
-0.158192 0.846154 0.759987 0.859291 1
-0.112994 0.846154 0.757494 0.859601 1
-0.0677966 0.846154 0.754998 0.859822 1
-0.0225989 0.846154 0.7525 0.859956 1
0.0225989 0.846154 0.75 0.86 1
0.0677966 0.846154 0.7475 0.859956 1
0.112994 0.846154 0.745002 0.859822 1
0.158192 0.846154 0.742506 0.859601 1
0.20339 0.846154 0.740013 0.859291 1
0.248588 0.846154 0.737526 0.858895 1
0.293785 0.846154 0.735044 0.858412 1
0.338983 0.846154 0.73257 0.857843 1
0.384181 0.846154 0.730104 0.857191 1
0.429379 0.846154 0.727648 0.856456 1
0.474576 0.846154 0.725203 0.855639 1
0.519774 0.846154 0.722769 0.854743 1
0.564972 0.846154 0.720348 0.85377 1
0.610169 0.846154 0.717941 0.852721 1
0.655367 0.846154 0.715548 0.851599 1
0.700565 0.846154 0.713172 0.850405 1
0.745763 0.846154 0.710812 0.849142 1
0.79096 0.846154 0.708469 0.847813 1
0.836158 0.846154 0.706145 0.846419 1
0.881356 0.846154 0.703839 0.844964 1
0.926554 0.846154 0.701554 0.84345 1
0.971751 0.846154 0.699289 0.84188 1
1.01695 0.846154 0.697045 0.840256 1
1.06215 0.846154 0.694822 0.838581 1
1.10734 0.846154 0.692622 0.836857 1
1.15254 0.846154 0.690445 0.835089 1
1.19774 0.846154 0.68829 0.833277 1
1.24294 0.846154 0.68616 0.831425 1
1.28814 0.846154 0.684053 0.829535 1
1.33333 0.846154 0.68197 0.82761 1
-1.33333 0.897436 0.820088 0.846006 1
-1.28814 0.897436 0.81803 0.848086 1
-1.24294 0.897436 0.815947 0.850131 1
-1.19774 0.897436 0.81384 0.852139 1
-1.15254 0.897436 0.81171 0.854107 1
-1.10734 0.897436 0.809555 0.856032 1
-1.06215 0.897436 0.807378 0.857911 1
-1.01695 0.897436 0.805178 0.859742 1
-0.971751 0.897436 0.802955 0.861522 1
-0.926554 0.897436 0.800711 0.863247 1
-0.881356 0.897436 0.798446 0.864916 1
-0.836158 0.897436 0.796161 0.866524 1
-0.79096 0.897436 0.793855 0.86807 1
-0.745763 0.897436 0.791531 0.869551 1
-0.700565 0.897436 0.789188 0.870963 1
-0.655367 0.897436 0.786828 0.872305 1
-0.610169 0.897436 0.784452 0.873573 1
-0.564972 0.897436 0.782059 0.874766 1
-0.519774 0.897436 0.779652 0.875881 1
-0.474576 0.897436 0.777231 0.876915 1
-0.429379 0.897436 0.774797 0.877867 1
-0.384181 0.897436 0.772352 0.878734 1
-0.338983 0.897436 0.769896 0.879515 1
-0.293785 0.897436 0.76743 0.880208 1
-0.248588 0.897436 0.764956 0.880812 1
-0.20339 0.897436 0.762474 0.881326 1
-0.158192 0.897436 0.759987 0.881747 1
-0.112994 0.897436 0.757494 0.882076 1
-0.0677966 0.897436 0.754998 0.882311 1
-0.0225989 0.897436 0.7525 0.882453 1
0.0225989 0.897436 0.75 0.8825 1
0.0677966 0.897436 0.7475 0.882453 1
0.112994 0.897436 0.745002 0.882311 1
0.158192 0.897436 0.742506 0.882076 1
0.20339 0.897436 0.740013 0.881747 1
0.248588 0.897436 0.737526 0.881326 1
0.293785 0.897436 0.735044 0.880812 1
0.338983 0.897436 0.73257 0.880208 1
0.384181 0.897436 0.730104 0.879515 1
0.429379 0.897436 0.727648 0.878734 1
0.474576 0.897436 0.725203 0.877867 1
0.519774 0.897436 0.722769 0.876915 1
0.564972 0.897436 0.720348 0.875881 1
0.610169 0.897436 0.717941 0.874766 1
0.655367 0.897436 0.715548 0.873573 1
0.700565 0.897436 0.713172 0.872305 1
0.745763 0.897436 0.710812 0.870963 1
0.79096 0.897436 0.708469 0.869551 1
0.836158 0.897436 0.706145 0.86807 1
0.881356 0.897436 0.703839 0.866524 1
0.926554 0.897436 0.701554 0.864916 1
0.971751 0.897436 0.699289 0.863247 1
1.01695 0.897436 0.697045 0.861522 1
1.06215 0.897436 0.694822 0.859742 1
1.10734 0.897436 0.692622 0.857911 1
1.15254 0.897436 0.690445 0.856032 1
1.19774 0.897436 0.68829 0.854107 1
1.24294 0.897436 0.68616 0.852139 1
1.28814 0.897436 0.684053 0.850131 1
1.33333 0.897436 0.68197 0.848086 1
-1.33333 0.948718 0.820088 0.86636 1
-1.28814 0.948718 0.81803 0.868561 1
-1.24294 0.948718 0.815947 0.870727 1
-1.19774 0.948718 0.81384 0.872853 1
-1.15254 0.948718 0.81171 0.874936 1
-1.10734 0.948718 0.809555 0.876975 1
-1.06215 0.948718 0.807378 0.878965 1
-1.01695 0.948718 0.805178 0.880903 1
-0.971751 0.948718 0.802955 0.882788 1
-0.926554 0.948718 0.800711 0.884615 1
-0.881356 0.948718 0.798446 0.886381 1
-0.836158 0.948718 0.796161 0.888085 1
-0.79096 0.948718 0.793855 0.889722 1
-0.745763 0.948718 0.791531 0.891289 1
-0.700565 0.948718 0.789188 0.892785 1
-0.655367 0.948718 0.786828 0.894205 1
-0.610169 0.948718 0.784452 0.895548 1
-0.564972 0.948718 0.782059 0.896811 1
-0.519774 0.948718 0.779652 0.897991 1
-0.474576 0.948718 0.777231 0.899086 1
-0.429379 0.948718 0.774797 0.900094 1
-0.384181 0.948718 0.772352 0.901013 1
-0.338983 0.948718 0.769896 0.90184 1
-0.293785 0.948718 0.76743 0.902574 1
-0.248588 0.948718 0.764956 0.903213 1
-0.20339 0.948718 0.762474 0.903757 1
-0.158192 0.948718 0.759987 0.904203 1
-0.112994 0.948718 0.757494 0.904551 1
-0.0677966 0.948718 0.754998 0.9048 1
-0.0225989 0.948718 0.7525 0.90495 1
0.0225989 0.948718 0.75 0.905 1
0.0677966 0.948718 0.7475 0.90495 1
0.112994 0.948718 0.745002 0.9048 1
0.158192 0.948718 0.742506 0.904551 1
0.20339 0.948718 0.740013 0.904203 1
0.248588 0.948718 0.737526 0.903757 1
0.293785 0.948718 0.735044 0.903213 1
0.338983 0.948718 0.73257 0.902574 1
0.384181 0.948718 0.730104 0.90184 1
0.429379 0.948718 0.727648 0.901013 1
0.474576 0.948718 0.725203 0.900094 1
0.519774 0.948718 0.722769 0.899086 1
0.564972 0.948718 0.720348 0.897991 1
0.610169 0.948718 0.717941 0.896811 1
0.655367 0.948718 0.715548 0.895548 1
0.700565 0.948718 0.713172 0.894205 1
0.745763 0.948718 0.710812 0.892785 1
0.79096 0.948718 0.708469 0.891289 1
0.836158 0.948718 0.706145 0.889722 1
0.881356 0.948718 0.703839 0.888085 1
0.926554 0.948718 0.701554 0.886381 1
0.971751 0.948718 0.699289 0.884615 1
1.01695 0.948718 0.697045 0.882788 1
1.06215 0.948718 0.694822 0.880903 1
1.10734 0.948718 0.692622 0.878965 1
1.15254 0.948718 0.690445 0.876975 1
1.19774 0.948718 0.68829 0.874936 1
1.24294 0.948718 0.68616 0.872853 1
1.28814 0.948718 0.684053 0.870727 1
1.33333 0.948718 0.68197 0.868561 1
-1.33333 1 0.820088 0.886713 1
-1.28814 1 0.81803 0.889037 1
-1.24294 1 0.815947 0.891323 1
-1.19774 1 0.81384 0.893567 1
-1.15254 1 0.81171 0.895766 1
-1.10734 1 0.809555 0.897918 1
-1.06215 1 0.807378 0.900018 1
-1.01695 1 0.805178 0.902065 1
-0.971751 1 0.802955 0.904054 1
-0.926554 1 0.800711 0.905982 1
-0.881356 1 0.798446 0.907847 1
-0.836158 1 0.796161 0.909645 1
-0.79096 1 0.793855 0.911373 1
-0.745763 1 0.791531 0.913027 1
-0.700565 1 0.789188 0.914606 1
-0.655367 1 0.786828 0.916106 1
-0.610169 1 0.784452 0.917523 1
-0.564972 1 0.782059 0.918856 1
-0.519774 1 0.779652 0.920102 1
-0.474576 1 0.777231 0.921258 1
-0.429379 1 0.774797 0.922322 1
-0.384181 1 0.772352 0.923291 1
-0.338983 1 0.769896 0.924164 1
-0.293785 1 0.76743 0.924939 1
-0.248588 1 0.764956 0.925614 1
-0.20339 1 0.762474 0.926188 1
-0.158192 1 0.759987 0.926659 1
-0.112994 1 0.757494 0.927026 1
-0.0677966 1 0.754998 0.927289 1
-0.0225989 1 0.7525 0.927447 1
0.0225989 1 0.75 0.9275 1
0.0677966 1 0.7475 0.927447 1
0.112994 1 0.745002 0.927289 1
0.158192 1 0.742506 0.927026 1
0.20339 1 0.740013 0.926659 1
0.248588 1 0.737526 0.926188 1
0.293785 1 0.735044 0.925614 1
0.338983 1 0.73257 0.924939 1
0.384181 1 0.730104 0.924164 1
0.429379 1 0.727648 0.923291 1
0.474576 1 0.725203 0.922322 1
0.519774 1 0.722769 0.921258 1
0.564972 1 0.720348 0.920102 1
0.610169 1 0.717941 0.918856 1
0.655367 1 0.715548 0.917523 1
0.700565 1 0.713172 0.916106 1
0.745763 1 0.710812 0.914606 1
0.79096 1 0.708469 0.913027 1
0.836158 1 0.706145 0.911373 1
0.881356 1 0.703839 0.909645 1
0.926554 1 0.701554 0.907847 1
0.971751 1 0.699289 0.905982 1
1.01695 1 0.697045 0.904054 1
1.06215 1 0.694822 0.902065 1
1.10734 1 0.692622 0.900018 1
1.15254 1 0.690445 0.897918 1
1.19774 1 0.68829 0.895766 1
1.24294 1 0.68616 0.893567 1
1.28814 1 0.684053 0.891323 1
1.33333 1 0.68197 0.889037 1
